23, 11, 26
33, 47, 38
33, 71, 57
125, 130, 128
77, 135, 134
147, 138, 146
162, 169, 35
185, 180, 26
233, 54, 230
241, 101, 72
193, 278, 127
313, 310, 114
316, 324, 318
141, 102, 340
362, 350, 111
369, 157, 308
375, 190, 237
385, 389, 390
356, 395, 347
217, 401, 179
478, 476, 444
38, 372, 521
59, 545, 401
380, 294, 568
585, 594, 586
598, 479, 607
611, 279, 286
166, 286, 37
586, 48, 166
354, 669, 280
32, 453, 687
34, 126, 617
368, 98, 669
570, 703, 55
330, 711, 163
398, 474, 719
152, 725, 70
664, 192, 533
3, 114, 803
52, 493, 555
327, 359, 347
790, 814, 188
73, 829, 627
11, 758, 42
858, 441, 464
875, 155, 149
220, 886, 883
81, 899, 891
902, 191, 901
218, 903, 181
907, 334, 360
233, 805, 913
922, 873, 225
98, 33, 343
171, 168, 928
219, 410, 933
945, 422, 807
414, 378, 28
201, 586, 42
925, 42, 163
198, 129, 368
957, 81, 956
436, 928, 779
597, 82, 983
1001, 179, 1002
209, 188, 13
254, 255, 611
793, 555, 1028
1069, 141, 998
170, 836, 134
949, 855, 1104
286, 1109, 723
370, 128, 1111
166, 1114, 652
645, 697, 640
1137, 453, 1115
190, 1145, 157
1147, 39, 27
1149, 233, 195
209, 920, 1180
7, 614, 762
1222, 368, 453
570, 148, 347
1241, 46, 157
1258, 200, 777
76, 286, 611
101, 390, 96
505, 1281, 125
1135, 823, 1042
1305, 1302, 1304
313, 1325, 958
378, 15, 1329
32, 166, 453
695, 454, 493
54, 1229, 570
1355, 133, 422
110, 1376, 1396
895, 790, 129
1226, 47, 150
1405, 188, 36
1406, 330, 1408
565, 1040, 333
1412, 1040, 481
777, 101, 406
812, 146, 252
87, 1424, 652
190, 845, 94
1040, 614, 52
313, 380, 1434
1466, 1457, 648
429, 617, 1477
829, 1484, 830
114, 155, 1239
472, 1499, 1497
778, 33, 312
1338, 1509, 1207
1334, 157, 252
1519, 1178, 141
921, 27, 129
793, 854, 476
1526, 582, 130
167, 5, 1527
246, 1054, 169
76, 72, 225
1570, 1568, 182
1215, 1581, 539
195, 347, 378
510, 32, 33
228, 76, 1589
1348, 930, 42
32, 370, 669
918, 422, 454
252, 645, 653
842, 921, 1601
198, 33, 370
508, 1609, 110
376, 1610, 26
1616, 330, 401
124, 1620, 55
644, 155, 81
257, 205, 179
474, 1623, 1312
803, 1144, 128
100, 1242, 126
272, 792, 640
1661, 196, 1662
562, 195, 317
787, 958, 1667
38, 493, 369
82, 1691, 215
984, 970, 87
102, 941, 1432
1693, 166, 1699
1308, 228, 370
86, 60, 347
1709, 929, 1312
1, 709, 369
1011, 102, 1711
257, 690, 98
209, 877, 54
279, 533, 292
188, 725, 1280
86, 1053, 1072
1750, 309, 1748
987, 157, 203
1759, 223, 1614
686, 1231, 246
1363, 644, 1772
330, 181, 1589
313, 172, 510
198, 1264, 162
671, 123, 239
208, 876, 230
1790, 1789, 100
733, 1792, 380
508, 777, 401
87, 958, 861
438, 155, 178
1299, 166, 790
111, 407, 54
286, 429, 1445
272, 166, 96
195, 1825, 392
186, 1124, 1210
1011, 318, 3
1833, 89, 173
790, 126, 1242
152, 34, 429
388, 791, 376
1270, 777, 138
199, 859, 390
493, 1709, 35
257, 265, 1653
142, 19, 123
477, 1146, 830
854, 189, 169
102, 789, 1878
254, 827, 1687
1629, 176, 200
403, 128, 33
1373, 518, 269
1938, 820, 1936
511, 1302, 566
64, 1943, 77
1947, 433, 477
493, 508, 938
984, 308, 1230
761, 1977, 378
958, 797, 403
1947, 76, 1047
1302, 570, 376
72, 347, 1396
26, 1990, 653
1993, 102, 1112
223, 474, 157
29, 266, 400
1891, 602, 95
485, 1610, 188
571, 929, 465
32, 410, 82
343, 146, 73
55, 539, 2021
2023, 1062, 702
381, 681, 26
87, 208, 1268
75, 979, 804
1490, 558, 904
2038, 1418, 82
1138, 832, 18
1138, 2043, 807
132, 2044, 330
1530, 75, 263
157, 1105, 219
330, 476, 761
772, 97, 54
2049, 2050, 2051
87, 1014, 687
2053, 174, 398
902, 611, 170
128, 141, 48
1644, 133, 1131
2069, 837, 2067
172, 605, 317
390, 855, 922
279, 1308, 138
533, 1186, 539
408, 904, 330
493, 1526, 189
600, 25, 406
39, 316, 807
476, 468, 98
546, 157, 29
570, 600, 1116
854, 93, 779
251, 687, 72
1040, 110, 1093
1896, 2093, 2095
2104, 2105, 300
132, 252, 518
34, 1831, 804
77, 2093, 573
36, 65, 57
652, 419, 87
178, 410, 723
689, 102, 954
773, 1021, 141
617, 558, 422
2127, 72, 223
356, 215, 658
330, 1011, 817
779, 1431, 566
157, 2140, 1072
126, 207, 2146
547, 1959, 685
2152, 1490, 1066
33, 310, 807
587, 777, 126
1072, 751, 1783
508, 3, 252
437, 2157, 110
398, 2158, 369
1308, 217, 587
855, 49, 415
2162, 401, 157
77, 166, 2099
157, 55, 263
271, 179, 586
377, 2167, 510
640, 561, 672
422, 317, 39
29, 108, 278
2174, 891, 141
350, 1018, 1652
415, 129, 162
398, 777, 790
286, 777, 723
515, 640, 279
705, 924, 539
72, 508, 60
1559, 2179, 777
79, 511, 703
176, 98, 1527
907, 252, 855
309, 399, 837
785, 239, 76
61, 1093, 569
965, 179, 856
172, 46, 1329
744, 1561, 517
250, 157, 334
1448, 343, 1657
2211, 65, 2214
356, 697, 166
614, 94, 1201
929, 819, 3
2222, 359, 2220
897, 218, 777
32, 941, 820
9, 657, 759
2104, 2004, 983
717, 97, 913
97, 878, 2229
24, 319, 189
1215, 653, 958
582, 166, 741
707, 40, 487
1782, 475, 687
474, 48, 913
74, 257, 2244
803, 2116, 54
394, 679, 958
257, 213, 2249
15, 149, 442
938, 761, 359
778, 98, 614
1065, 35, 422
2255, 578, 1813
166, 855, 120
2027, 2257, 565
2044, 168, 856
771, 9, 535
42, 86, 560
954, 157, 438
287, 948, 150
155, 205, 979
803, 762, 516
586, 29, 565
623, 431, 334
510, 378, 129
508, 387, 129
874, 669, 34
313, 861, 1329
770, 761, 759
65, 1703, 181
730, 77, 356
1601, 165, 1214
222, 77, 761
33, 100, 1624
505, 1262, 38
792, 679, 1184
35, 771, 223
9, 254, 248
929, 558, 103
219, 366, 796
246, 406, 505
817, 965, 123
451, 102, 286
81, 1280, 292
1157, 1728, 65
933, 378, 891
659, 81, 1344
403, 1109, 257
2227, 453, 118
558, 466, 252
211, 2333, 597
682, 223, 1091
2335, 32, 34
106, 1269, 218
873, 305, 1087
380, 102, 2162
273, 190, 1214
1869, 1214, 2347
1740, 173, 82
558, 37, 150
1478, 984, 1436
438, 61, 317
2268, 558, 36
79, 34, 1808
1059, 318, 2222
607, 586, 186
324, 77, 2162
1744, 1559, 668
435, 257, 640
190, 102, 151
252, 29, 148
476, 77, 141
1580, 376, 1434
129, 415, 59
403, 1872, 34
929, 948, 33
157, 884, 2374
1983, 611, 761
438, 86, 172
22, 2379, 1989
772, 26, 184
521, 257, 214
606, 400, 927
347, 370, 330
133, 1382, 1526
765, 1936, 1334
178, 493, 1027
94, 2383, 1431
2037, 924, 653
969, 164, 687
485, 279, 1431
34, 386, 831
141, 26, 334
3, 78, 190
902, 512, 2392
39, 404, 2009
414, 481, 768
181, 1053, 223
157, 906, 2403
623, 1381, 195
202, 141, 875
119, 1110, 1431
26, 640, 886
33, 52, 1408
1112, 22, 415
1531, 2237, 2415
359, 511, 566
39, 200, 973
39, 761, 110
771, 1082, 217
126, 1794, 1090
983, 192, 1356
1875, 1877, 668
202, 174, 636
414, 132, 1021
166, 605, 142
222, 602, 100
42, 60, 390
37, 758, 34
178, 605, 81
347, 1274, 1070
414, 934, 130
141, 832, 2432
980, 1155, 240
98, 225, 313
89, 189, 178
633, 198, 412
929, 533, 345
77, 343, 279
195, 611, 779
2449, 1359, 998
98, 2453, 402
257, 80, 1465
2440, 43, 874
178, 778, 155
398, 358, 2465
793, 533, 207
87, 1974, 933
33, 946, 347
996, 193, 1009
885, 506, 2006
110, 622, 1356
114, 790, 1118
43, 566, 599
131, 144, 1392
421, 133, 369
1431, 565, 441
1983, 270, 54
286, 478, 176
43, 482, 149
510, 958, 318
624, 533, 129
2113, 438, 2076
182, 1835, 781
269, 369, 28
185, 102, 1101
334, 687, 599
474, 415, 98
308, 984, 847
928, 1106, 539
803, 907, 1396
1944, 380, 1330
175, 558, 1140
1240, 1011, 157
539, 77, 48
1198, 607, 877
178, 43, 157
830, 1564, 1212
152, 560, 126
311, 72, 1936
369, 96, 1783
761, 777, 252
36, 54, 100
316, 235, 558
425, 376, 779
1224, 660, 2521
225, 166, 65
72, 52, 837
1110, 570, 493
29, 736, 1746
1670, 1329, 419
157, 376, 1252
1801, 313, 533
402, 687, 586
2334, 1356, 1521
170, 1177, 257
148, 592, 483
973, 170, 759
2557, 776, 455
86, 77, 668
1117, 1452, 1009
2120, 880, 2563
1875, 184, 1315
796, 4, 2566
286, 73, 1285
1861, 2532, 611
903, 13, 118
1424, 125, 33
959, 941, 142
533, 2423, 33
317, 35, 915
142, 817, 103
32, 933, 777
370, 283, 190
425, 1551, 1145
1391, 2578, 410
2334, 2314, 2550
2046, 600, 590
380, 34, 797
77, 342, 1564
1308, 92, 42
316, 760, 422
80, 77, 179
118, 1396, 1526
929, 1045, 378
164, 958, 193
741, 1747, 2603
313, 126, 2176
2255, 790, 52
29, 499, 195
476, 958, 181
566, 1302, 1421
449, 1088, 835
173, 33, 526
1067, 38, 166
1895, 252, 35
66, 640, 51
190, 555, 422
756, 750, 557
733, 1849, 489
891, 360, 1430
2520, 39, 402
157, 87, 49
495, 330, 474
948, 790, 741
1903, 425, 543
2349, 1509, 172
1822, 2617, 778
1072, 1014, 959
178, 356, 36
173, 49, 675
195, 22, 747
1007, 2619, 1210
778, 334, 411
607, 102, 181
318, 208, 2623
312, 2353, 95
1591, 902, 87
438, 380, 77
1238, 570, 33
1407, 142, 645
31, 330, 474
1014, 65, 380
817, 1757, 199
425, 413, 442
26, 273, 560
1112, 32, 510
178, 366, 566
75, 560, 54
322, 186, 86
387, 49, 15
987, 184, 477
555, 359, 1456
454, 59, 157
1614, 565, 928
1586, 101, 157
777, 508, 1281
316, 383, 93
162, 2640, 706
77, 198, 3
108, 2362, 130
86, 1200, 562
894, 1775, 1274
181, 48, 3
504, 560, 690
88, 2152, 160
456, 1741, 252
148, 178, 29
2334, 2024, 514
267, 1033, 181
911, 777, 214
307, 1133, 993
178, 223, 279
422, 181, 1144
106, 2081, 238
2444, 669, 1586
929, 669, 35
22, 87, 590
1018, 130, 239
87, 89, 1258
370, 425, 401
833, 337, 1367
1659, 123, 343
774, 934, 1577
456, 61, 1540
1701, 18, 1093
1014, 100, 1327
2667, 77, 3
429, 598, 1399
668, 453, 1599
761, 805, 669
2550, 474, 1040
324, 166, 510
897, 23, 216
1093, 41, 381
883, 2283, 2671
1088, 1888, 150
35, 36, 334
52, 410, 86
252, 1749, 2116
777, 77, 669
1839, 319, 262
323, 739, 331
257, 334, 29
257, 1280, 697
422, 172, 2679
257, 1526, 891
493, 32, 983
102, 1027, 261
1378, 2024, 316
347, 207, 924
2586, 593, 515
793, 614, 874
334, 38, 787
37, 150, 533
2216, 148, 555
2684, 370, 895
87, 812, 1938
1885, 82, 157
141, 334, 414
201, 974, 292
1537, 1610, 1562
150, 437, 288
246, 203, 425
1711, 166, 246
1144, 482, 192
403, 128, 2688
962, 33, 779
251, 533, 821
562, 45, 293
54, 235, 806
389, 785, 279
29, 1615, 172
510, 1334, 48
1801, 668, 503
77, 311, 958
1602, 510, 214
2449, 1067, 28
517, 493, 508
203, 98, 777
295, 275, 1082
130, 761, 157
279, 787, 96
1713, 330, 782
942, 157, 689
54, 965, 145
994, 438, 173
474, 1350, 508
510, 558, 41
958, 676, 454
166, 369, 1465
2702, 178, 29
2704, 689, 1122
207, 96, 25
541, 570, 144
1348, 60, 110
1045, 2709, 368
87, 447, 1250
2625, 813, 875
437, 1839, 1747
1395, 134, 1584
2217, 2272, 422
401, 203, 386
172, 476, 2716
422, 87, 570
819, 487, 422
543, 1231, 595
797, 1349, 181
195, 571, 390
200, 493, 758
33, 174, 27
422, 723, 453
343, 1047, 77
2676, 701, 125
493, 1644, 103
1962, 1140, 1782
194, 77, 518
286, 114, 313
436, 1067, 308
690, 22, 334
380, 451, 1876
146, 2249, 111
464, 1067, 157
81, 141, 566
933, 493, 790
157, 176, 309
1021, 60, 300
2154, 1053, 345
334, 1189, 77
1277, 453, 328
176, 114, 761
422, 429, 48
1114, 13, 490
200, 157, 1976
777, 389, 565
175, 152, 516
1195, 215, 493
409, 1292, 276
476, 422, 2731
510, 218, 725
1222, 705, 402
510, 1840, 571
142, 2736, 1660
1424, 61, 1517
684, 474, 496
1885, 1430, 1112
2740, 74, 142
590, 33, 1047
195, 55, 1428
400, 369, 257
2518, 356, 841
1289, 957, 252
160, 2745, 181
102, 3, 60
1050, 2746, 983
2747, 2094, 343
163, 770, 334
173, 369, 34
941, 558, 679
279, 1350, 225
313, 262, 863
2748, 324, 566
1974, 309, 550
555, 32, 923
1289, 2506, 1753
406, 846, 542
166, 2752, 359
670, 2754, 2310
173, 313, 114
485, 168, 102
793, 1277, 334
1432, 1775, 26
778, 2196, 198
2760, 195, 178
376, 123, 141
1078, 668, 228
178, 1210, 317
1105, 623, 1367
11, 787, 697
697, 1178, 1269
74, 1546, 951
380, 1142, 1107
366, 279, 587
22, 376, 279
173, 181, 2767
465, 126, 2677
792, 295, 38
22, 1065, 1303
550, 2401, 36
410, 324, 419
2471, 87, 47
1178, 257, 902
1061, 52, 614
987, 131, 606
40, 150, 614
276, 54, 562
1014, 777, 2024
669, 967, 899
1158, 144, 1108
2427, 1014, 1194
1334, 787, 1275
508, 403, 515
52, 375, 875
474, 195, 389
55, 2038, 118
72, 128, 1808
32, 26, 1492
387, 1431, 82
297, 129, 97
313, 570, 1413
1722, 375, 105
302, 211, 544
1974, 1944, 517
82, 2789, 1067
768, 533, 164
239, 71, 1750
1860, 425, 131
155, 1105, 67
1250, 87, 653
388, 2411, 157
2723, 550, 557
857, 1453, 1117
1285, 198, 313
455, 2440, 1277
1231, 370, 807
35, 157, 77
924, 370, 42
745, 2101, 35
2710, 170, 770
26, 569, 313
725, 406, 836
96, 2145, 42
193, 2219, 141
117, 760, 611
29, 442, 726
1543, 966, 33
530, 453, 167
1117, 861, 55
370, 141, 3
293, 2139, 1773
135, 368, 102
127, 386, 854
1444, 2018, 1609
263, 279, 123
415, 1067, 451
313, 998, 958
218, 29, 998
65, 697, 142
71, 1501, 1021
310, 464, 671
2805, 343, 654
126, 1163, 812
778, 151, 401
860, 313, 48
184, 1424, 741
290, 166, 1274
725, 48, 208
347, 1356, 866
834, 408, 330
170, 941, 1127
42, 27, 380
55, 80, 72
857, 1011, 235
25, 933, 40
668, 861, 193
5, 368, 1396
172, 700, 531
195, 192, 246
1382, 466, 369
699, 754, 193
190, 801, 493
1786, 2810, 804
1704, 77, 2252
281, 1960, 1000
193, 102, 123
1316, 118, 715
592, 141, 611
33, 157, 292
533, 117, 77
614, 730, 1913
47, 173, 725
228, 817, 830
141, 189, 77
166, 402, 100
510, 1195, 533
726, 1238, 509
52, 166, 461
493, 402, 464
560, 687, 508
1112, 862, 1476
924, 899, 1625
873, 1225, 778
842, 217, 1088
2815, 778, 780
550, 1467, 499
929, 198, 1313
2550, 232, 2822
59, 346, 1308
668, 2823, 52
1536, 977, 1975
92, 1026, 200
517, 687, 605
372, 134, 1672
35, 129, 1593
2411, 87, 200
342, 1307, 1740
2831, 698, 1353
993, 288, 103
1257, 11, 771
179, 2245, 29
410, 3, 707
1318, 1610, 703
223, 533, 785
2686, 907, 1480
130, 843, 1129
89, 2835, 86
98, 787, 2225
157, 13, 1782
381, 218, 170
214, 902, 2550
927, 539, 907
515, 499, 1548
1292, 378, 855
784, 508, 1303
252, 155, 1398
266, 613, 273
135, 223, 1014
1269, 47, 571
95, 874, 200
1610, 3, 493
1350, 917, 1079
347, 178, 400
464, 614, 200
1704, 2059, 1145
606, 74, 166
785, 726, 422
327, 455, 2099
155, 986, 720
1400, 33, 1
793, 347, 2845
166, 541, 518
778, 38, 33
807, 181, 2847
1436, 2602, 1807
181, 533, 102
317, 605, 77
2618, 2076, 687
37, 193, 149
390, 401, 65
200, 56, 337
577, 42, 640
318, 35, 32
844, 2052, 1236
257, 309, 166
782, 1112, 26
617, 130, 654
150, 343, 102
0, 108, 2079
875, 172, 297
902, 558, 333
415, 1634, 1939
1658, 2255, 180
410, 1189, 2772
40, 126, 519
778, 369, 614
1312, 472, 1750
201, 558, 138
184, 2857, 279
2313, 403, 1238
979, 25, 29
550, 390, 621
562, 542, 343
4, 668, 166
1163, 484, 478
2831, 1338, 1006
75, 344, 2860
266, 132, 758
166, 2861, 902
668, 469, 739
168, 1144, 2564
22, 262, 1995
2169, 870, 1848
1687, 1072, 1614
337, 504, 36
508, 201, 476
645, 653, 1627
144, 294, 610
32, 789, 680
29, 166, 1701
286, 689, 195
668, 423, 807
516, 328, 508
76, 262, 2272
2594, 1198, 2571
726, 447, 524
166, 184, 787
60, 2665, 166
334, 248, 166
207, 402, 558
776, 1344, 1350
1492, 257, 692
806, 895, 824
855, 39, 508
5, 894, 248
464, 1424, 184
2235, 717, 1875
1928, 1368, 587
487, 199, 208
2696, 2878, 3
11, 715, 323
181, 2224, 382
1365, 38, 141
40, 2364, 129
415, 921, 38
730, 687, 48
1362, 174, 2676
198, 1783, 1040
493, 768, 1538
1197, 276, 749
208, 295, 2259
803, 401, 416
1878, 2625, 130
1597, 356, 378
330, 3, 1924
2872, 343, 1648
445, 1470, 133
217, 157, 645
855, 225, 232
382, 450, 178
701, 178, 734
42, 45, 269
2883, 2113, 2115
724, 875, 178
2171, 1456, 269
29, 195, 47
41, 184, 1146
105, 1113, 924
22, 1614, 1539
2401, 2873, 195
37, 504, 668
64, 3, 671
172, 782, 347
1840, 861, 2762
2601, 401, 2886
2338, 72, 1801
1760, 2371, 957
2889, 2650, 1721
310, 370, 35
2890, 102, 560
1088, 469, 1363
2155, 2892, 1263
726, 1924, 2536
129, 621, 1353
429, 279, 168
1347, 223, 1070
645, 664, 172
1478, 765, 785
1396, 42, 699
406, 398, 1424
1860, 358, 98
310, 1014, 2365
157, 389, 128
200, 1275, 77
2441, 120, 1062
546, 240, 131
142, 2065, 81
38, 334, 356
1870, 871, 102
123, 68, 61
257, 1244, 356
319, 87, 812
333, 785, 178
1316, 2904, 325
1726, 34, 524
22, 2053, 791
279, 334, 77
1051, 285, 166
1003, 2906, 2229
172, 517, 61
653, 347, 940
1533, 22, 189
1144, 517, 570
1875, 36, 148
1280, 173, 42
228, 255, 669
493, 343, 2139
283, 330, 33
493, 88, 789
370, 390, 330
279, 414, 768
654, 189, 334
93, 1535, 172
245, 166, 504
504, 891, 590
1708, 190, 16
2761, 470, 807
725, 376, 777
680, 1457, 123
150, 34, 178
510, 779, 1146
2910, 2335, 1615
518, 369, 334
29, 510, 736
1014, 1146, 102
112, 292, 232
185, 1561, 1353
86, 82, 89
173, 1157, 166
1043, 594, 1206
390, 600, 101
114, 1423, 77
76, 86, 1214
173, 157, 478
790, 26, 92
8, 2915, 1078
29, 471, 1464
511, 330, 516
1492, 856, 102
681, 1042, 761
406, 645, 173
2919, 1535, 414
533, 851, 941
166, 2272, 195
52, 172, 157
29, 98, 52
422, 533, 131
3, 1848, 416
761, 505, 707
2006, 668, 473
1089, 166, 390
517, 607, 425
28, 257, 25
257, 337, 533
3, 819, 403
173, 42, 378
218, 1146, 316
128, 779, 2130
1819, 76, 474
984, 2367, 878
516, 48, 408
760, 195, 3
269, 189, 166
657, 453, 273
1436, 783, 1432
359, 372, 804
166, 73, 577
984, 42, 1915
334, 237, 899
518, 2676, 561
582, 2358, 1303
508, 77, 386
292, 2532, 518
2220, 1232, 1936
1549, 212, 2927
378, 157, 222
402, 155, 1753
141, 760, 1146
435, 128, 102
161, 165, 343
157, 128, 478
1610, 2487, 172
140, 665, 381
415, 295, 192
150, 415, 819
241, 611, 141
347, 23, 493
89, 2122, 400
39, 166, 199
380, 2887, 1483
60, 410, 166
223, 640, 149
1439, 715, 720
48, 181, 42
665, 1584, 1670
421, 1170, 161
376, 611, 43
1384, 1367, 54
1144, 174, 1635
181, 1277, 32
1144, 834, 148
164, 201, 129
4, 2287, 1405
835, 257, 38
715, 127, 100
356, 2607, 98
671, 544, 60
857, 1011, 1319
406, 152, 1595
533, 2849, 464
2615, 777, 493
429, 181, 1400
1014, 48, 199
77, 1853, 1410
286, 376, 1259
1016, 560, 1741
108, 425, 1308
356, 129, 903
37, 102, 192
133, 1853, 758
1001, 110, 445
157, 162, 1316
1082, 715, 87
95, 993, 37
561, 422, 74
793, 402, 136
924, 356, 273
2248, 1345, 410
800, 1092, 620
333, 1981, 176
1154, 2914, 403
868, 225, 587
1406, 726, 951
166, 736, 430
2219, 777, 33
1278, 903, 1196
2114, 300, 542
1673, 359, 170
416, 558, 807
1115, 476, 1148
895, 313, 1762
190, 673, 921
565, 2505, 36
173, 77, 1742
928, 2345, 705
54, 673, 106
1424, 74, 402
155, 794, 293
800, 1238, 1306
611, 437, 77
1410, 797, 660
252, 369, 330
1998, 25, 32
2108, 2622, 41
843, 1117, 958
200, 697, 184
469, 1239, 784
157, 166, 47
847, 482, 304
100, 310, 203
787, 987, 1266
2943, 736, 1525
711, 2356, 1194
2018, 223, 902
2682, 1536, 356
402, 422, 855
1696, 1302, 1231
741, 330, 195
645, 1280, 1054
717, 508, 77
570, 2763, 2383
294, 205, 130
214, 454, 215
343, 181, 325
1248, 949, 419
292, 1614, 611
183, 1708, 1308
27, 151, 199
9, 560, 986
334, 210, 87
1700, 1614, 292
77, 108, 2338
215, 955, 166
2942, 166, 279
34, 181, 438
958, 987, 661
360, 806, 32
907, 128, 370
168, 771, 286
170, 6, 1543
747, 329, 114
102, 614, 1602
510, 422, 906
1105, 1234, 410
787, 611, 100
142, 166, 168
614, 645, 359
1401, 195, 343
181, 223, 406
272, 697, 5
157, 478, 777
347, 369, 65
1818, 239, 155
809, 29, 778
294, 146, 208
48, 318, 155
761, 1442, 558
542, 162, 33
363, 1352, 837
1059, 481, 2439
130, 628, 41
1061, 724, 1033
758, 835, 1694
252, 157, 9
1018, 102, 1629
35, 173, 43
614, 2860, 1533
2952, 40, 617
680, 1410, 205
611, 106, 1234
195, 157, 2124
2249, 1973, 309
949, 803, 689
2724, 1924, 1353
172, 2671, 2954
569, 380, 422
87, 77, 343
22, 1012, 20
130, 929, 1619
903, 330, 77
672, 570, 268
419, 205, 1292
1610, 406, 126
814, 2155, 2959
452, 492, 404
463, 2506, 1600
1822, 333, 902
1537, 2600, 2367
81, 317, 53
46, 739, 2356
1830, 198, 797
1088, 157, 370
1311, 87, 166
77, 65, 510
1305, 2029, 1598
382, 150, 100
887, 566, 26
2964, 1955, 178
176, 1177, 899
178, 286, 1467
535, 376, 1300
195, 739, 400
19, 29, 132
170, 8, 370
178, 98, 511
1460, 2163, 257
52, 589, 621
633, 807, 422
669, 368, 724
144, 1078, 398
906, 587, 595
297, 345, 474
318, 1277, 387
517, 570, 35
362, 2966, 2483
135, 218, 455
1457, 347, 77
9, 360, 1735
465, 52, 60
2295, 1449, 565
87, 381, 200
649, 1007, 286
120, 977, 1557
705, 262, 33
2971, 562, 804
940, 87, 891
146, 376, 309
1040, 855, 1474
278, 330, 422
701, 1956, 2097
2926, 2058, 2544
617, 87, 474
32, 605, 86
668, 419, 87
172, 1666, 343
562, 3, 544
1899, 76, 558
761, 298, 129
72, 668, 123
166, 195, 1424
356, 906, 1305
429, 181, 510
380, 261, 422
52, 1418, 77
1936, 190, 927
611, 1367, 987
94, 2923, 2347
1350, 562, 410
254, 16, 313
26, 176, 323
1039, 228, 390
2878, 1945, 827
89, 313, 809
792, 217, 776
2266, 52, 777
2506, 250, 1747
164, 875, 1881
275, 370, 679
1045, 65, 61
1860, 1366, 33
946, 784, 1292
257, 1557, 2334
1543, 1101, 369
1121, 2146, 1747
1196, 860, 287
87, 1308, 478
1251, 82, 378
368, 141, 928
189, 1481, 1305
9, 155, 25
390, 202, 164
401, 768, 345
478, 217, 353
2822, 257, 986
422, 499, 2981
45, 804, 48
239, 273, 26
334, 22, 1776
1152, 193, 111
2982, 441, 1741
201, 29, 218
453, 178, 54
29, 855, 836
854, 1047, 1184
849, 198, 1682
1873, 241, 141
1674, 193, 633
425, 1395, 220
324, 77, 403
6, 343, 330
135, 142, 218
2477, 286, 390
408, 1318, 611
32, 958, 942
118, 403, 382
1058, 1195, 2986
257, 334, 166
1350, 904, 1434
81, 2441, 155
60, 1308, 687
100, 1299, 142
550, 77, 2128
209, 2572, 196
1185, 2988, 2506
317, 144, 424
401, 87, 223
793, 398, 387
157, 2099, 164
1105, 614, 1793
596, 1742, 2239
558, 704, 565
281, 375, 1310
1822, 1803, 167
195, 474, 819
57, 343, 1698
1941, 566, 2412
166, 157, 141
1417, 800, 283
128, 830, 401
381, 193, 189
862, 1225, 1433
1915, 347, 1847
166, 255, 189
195, 87, 362
2247, 802, 1343
1531, 128, 1428
669, 543, 588
2176, 974, 478
150, 793, 2728
27, 1325, 571
400, 247, 546
389, 192, 33
1782, 633, 1140
558, 192, 33
770, 858, 765
678, 1339, 77
354, 874, 347
77, 11, 697
252, 1076, 37
1221, 2667, 1273
558, 237, 378
385, 333, 114
1149, 415, 77
414, 252, 49
777, 1304, 2872
823, 198, 380
558, 79, 108
172, 82, 376
857, 390, 951
356, 11, 330
77, 555, 378
138, 114, 4
77, 166, 415
899, 759, 614
178, 403, 493
1531, 34, 1148
1614, 874, 33
1424, 511, 673
2767, 136, 2412
214, 279, 1615
166, 415, 155
190, 149, 188
1432, 1348, 33
330, 335, 141
803, 65, 1830
1444, 252, 958
318, 509, 958
29, 77, 1093
317, 22, 166
29, 212, 929
2462, 605, 1851
389, 1537, 387
784, 403, 474
52, 1348, 1022
53, 43, 98
1753, 586, 501
359, 82, 89
2172, 1105, 725
152, 51, 964
7, 334, 223
130, 1216, 132
128, 2000, 1292
438, 1399, 2039
777, 874, 369
3011, 1557, 167
42, 2172, 27
1348, 64, 1476
279, 508, 697
2279, 1733, 34
1598, 242, 1985
193, 85, 157
29, 998, 53
777, 830, 9
1280, 761, 481
422, 33, 330
1427, 279, 200
1214, 1274, 147
410, 81, 717
1133, 558, 102
1650, 2260, 2006
1133, 929, 501
198, 2356, 189
505, 1880, 146
1315, 1591, 343
906, 141, 166
672, 1625, 687
911, 841, 337
195, 33, 429
517, 3015, 1332
3008, 120, 150
1146, 1830, 486
1054, 37, 248
196, 1138, 389
343, 368, 138
668, 883, 369
3017, 566, 2462
330, 77, 178
906, 150, 129
1623, 81, 1610
343, 33, 924
333, 555, 380
126, 138, 166
398, 219, 1157
2279, 84, 902
317, 3024, 33
1762, 157, 1098
3026, 597, 269
296, 568, 401
890, 442, 26
186, 2927, 623
33, 170, 250
184, 1887, 790
77, 668, 26
751, 965, 155
102, 474, 223
1093, 297, 155
1614, 318, 198
895, 1157, 134
570, 155, 830
698, 3029, 771
157, 621, 1345
382, 251, 252
508, 1822, 189
24, 638, 132
429, 223, 195
166, 1821, 163
1072, 812, 3030
1548, 1597, 189
464, 550, 842
125, 157, 174
214, 75, 965
65, 797, 26
37, 1615, 1614
1089, 2220, 795
14, 495, 4
2854, 936, 29
429, 1142, 1692
189, 420, 759
1348, 35, 416
777, 210, 157
941, 190, 166
810, 376, 33
873, 644, 195
598, 218, 129
1308, 9, 218
614, 1570, 1557
1348, 370, 533
246, 205, 279
166, 1311, 1619
2613, 834, 310
1308, 51, 238
558, 84, 1634
211, 184, 416
779, 1356, 230
102, 33, 438
1415, 360, 2823
392, 68, 1831
370, 410, 915
164, 217, 184
297, 3036, 1327
1891, 792, 319
195, 421, 77
34, 37, 294
102, 1112, 1750
1587, 1133, 882
83, 1341, 2516
273, 561, 509
719, 437, 287
173, 1043, 32
345, 189, 761
47, 1303, 474
543, 645, 697
1289, 2422, 924
1672, 121, 621
1348, 414, 126
257, 697, 1542
157, 333, 800
741, 146, 45
414, 1650, 1258
415, 2866, 1054
425, 582, 438
3039, 1673, 1006
570, 386, 1666
128, 1062, 330
290, 1305, 2254
80, 119, 370
679, 422, 356
330, 81, 958
98, 770, 2002
1335, 668, 1535
96, 36, 55
80, 958, 941
203, 89, 759
345, 558, 102
270, 33, 72
902, 166, 33
1936, 1837, 2247
310, 558, 614
927, 451, 1618
1150, 262, 358
94, 521, 895
141, 380, 1178
1280, 37, 777
597, 359, 166
168, 1768, 474
102, 1105, 800
216, 1177, 800
929, 1891, 148
151, 533, 331
381, 190, 87
804, 286, 1203
279, 47, 958
940, 611, 442
739, 2243, 1154
26, 2175, 1844
155, 832, 279
668, 929, 1658
217, 178, 550
28, 390, 534
1014, 2485, 199
2469, 201, 847
704, 102, 77
152, 671, 172
1760, 47, 1269
1701, 58, 1014
173, 330, 2574
3050, 123, 52
1300, 82, 777
771, 65, 75
87, 77, 701
1076, 34, 2368
1591, 1264, 975
799, 2166, 784
1269, 28, 37
1872, 660, 770
505, 218, 275
1579, 33, 222
26, 869, 29
2646, 1050, 252
531, 1138, 537
262, 1628, 460
240, 37, 669
241, 408, 188
1021, 1877, 1035
33, 123, 362
408, 1649, 437
715, 3053, 941
493, 42, 1281
1098, 59, 198
560, 283, 797
120, 1683, 38
138, 826, 252
82, 1530, 257
280, 1924, 89
350, 102, 334
2250, 1703, 474
330, 2245, 1305
1803, 86, 79
261, 1830, 835
1421, 2476, 3055
160, 2423, 262
927, 41, 1853
669, 170, 38
705, 2356, 279
70, 777, 94
2867, 742, 205
83, 1469, 765
129, 220, 1248
557, 72, 54
166, 519, 144
1684, 254, 9
166, 560, 1233
223, 208, 1122
222, 535, 65
1863, 103, 166
168, 1132, 252
300, 1501, 987
1557, 65, 100
381, 217, 611
33, 1189, 835
776, 514, 1365
1062, 546, 1346
151, 401, 465
77, 36, 370
356, 174, 415
1535, 862, 697
453, 1958, 314
3059, 3060, 877
687, 380, 47
75, 262, 169
429, 173, 60
163, 166, 376
555, 790, 1444
381, 49, 1234
42, 425, 544
166, 170, 279
693, 199, 283
119, 679, 148
32, 65, 278
3033, 193, 654
141, 394, 1280
1005, 2126, 2375
787, 313, 381
466, 441, 144
897, 790, 41
1434, 111, 288
410, 343, 33
1367, 1353, 60
390, 309, 1137
141, 264, 697
1479, 346, 219
772, 614, 517
453, 2712, 1859
466, 1406, 1854
181, 788, 517
958, 546, 707
27, 142, 255
136, 279, 784
369, 669, 1619
669, 862, 1396
2826, 2679, 488
128, 1528, 205
2550, 86, 270
333, 404, 510
2408, 1961, 136
218, 178, 1648
1023, 3064, 123
1829, 1170, 1089
471, 2243, 152
77, 164, 422
205, 493, 2142
1321, 804, 63
464, 707, 126
403, 901, 151
1760, 246, 689
157, 176, 899
2789, 77, 167
640, 65, 535
240, 292, 478
921, 54, 1214
330, 912, 149
32, 380, 318
311, 81, 157
525, 188, 1280
630, 546, 969
138, 415, 510
52, 33, 422
354, 46, 474
75, 1189, 89
249, 184, 2872
166, 1726, 387
958, 2176, 29
141, 3070, 1088
376, 689, 2324
739, 29, 606
250, 1326, 482
406, 2697, 2419
187, 1308, 715
1094, 49, 1717
47, 195, 173
141, 474, 279
929, 343, 761
1602, 2305, 1014
429, 42, 138
676, 777, 1077
170, 1200, 438
587, 1525, 640
141, 279, 334
478, 602, 128
356, 102, 724
2677, 102, 660
53, 134, 130
146, 65, 1318
13, 1011, 680
2259, 1321, 671
1408, 309, 1666
330, 438, 724
1182, 1515, 403
166, 1362, 952
726, 157, 195
409, 466, 166
77, 166, 1312
1170, 1405, 2113
225, 1753, 223
683, 705, 176
2356, 317, 400
3080, 108, 789
391, 818, 142
362, 48, 165
207, 196, 1072
402, 279, 140
257, 88, 649
13, 141, 3
166, 410, 233
523, 157, 2910
1657, 86, 223
11, 102, 98
2255, 48, 22
1214, 464, 2569
294, 77, 29
1753, 792, 1591
86, 1434, 577
48, 1324, 214
1280, 22, 1248
438, 337, 370
34, 1983, 313
142, 676, 370
592, 2054, 455
138, 257, 902
1238, 2109, 503
590, 2174, 2823
345, 296, 211
928, 483, 166
376, 938, 163
54, 76, 118
195, 726, 378
493, 32, 668
442, 34, 816
546, 394, 1334
2589, 166, 761
1780, 91, 2802
370, 176, 741
2668, 164, 141
46, 3, 724
2089, 43, 343
178, 173, 464
65, 33, 663
565, 403, 415
100, 195, 1011
1292, 157, 1591
2908, 511, 81
313, 87, 2967
185, 1553, 109
132, 54, 223
1047, 1208, 453
402, 2599, 334
436, 252, 1167
124, 76, 334
1687, 257, 186
2569, 166, 689
49, 203, 132
785, 334, 257
207, 302, 557
166, 765, 334
2638, 1562, 2827
718, 1326, 36
60, 1014, 262
1740, 38, 334
2094, 1333, 33
266, 427, 223
835, 1102, 96
334, 176, 241
425, 102, 334
369, 334, 195
163, 205, 1698
666, 1054, 408
100, 297, 719
32, 141, 1745
669, 787, 1088
447, 310, 1026
1098, 334, 1492
695, 283, 1239
806, 406, 276
792, 241, 141
81, 558, 129
1318, 138, 150
334, 1078, 38
195, 130, 1167
356, 257, 611
666, 252, 145
241, 141, 1138
1356, 1184, 439
842, 689, 33
2172, 571, 790
425, 626, 2364
43, 148, 3091
2658, 278, 2109
941, 386, 49
101, 586, 114
195, 510, 38
7, 1444, 87
185, 442, 22
1735, 2371, 175
2600, 517, 1007
725, 173, 343
33, 87, 125
1407, 330, 570
167, 800, 517
34, 313, 359
150, 132, 1098
697, 512, 792
400, 723, 592
8, 362, 36
1805, 1424, 102
644, 34, 565
42, 695, 3096
41, 36, 705
3097, 592, 1475
697, 1754, 2824
394, 189, 493
189, 141, 166
1324, 733, 205
1428, 61, 1600
819, 198, 190
736, 2230, 607
1078, 1264, 118
96, 211, 33
2959, 32, 444
438, 1093, 102
798, 669, 65
255, 81, 451
790, 77, 87
172, 2373, 77
1181, 644, 310
611, 48, 1350
369, 1289, 912
343, 22, 304
441, 790, 804
535, 2550, 130
1214, 1704, 793
697, 334, 1038
22, 843, 142
49, 218, 1487
438, 22, 844
725, 1434, 52
47, 188, 164
669, 3101, 831
3102, 166, 1054
25, 19, 1299
565, 37, 173
1554, 1240, 359
1311, 649, 77
1995, 1644, 133
705, 49, 25
1353, 132, 404
222, 33, 144
3105, 869, 809
32, 2059, 118
163, 561, 918
2029, 708, 562
652, 1072, 2411
903, 1000, 291
424, 819, 330
102, 369, 1434
166, 65, 1195
312, 777, 52
128, 406, 558
1902, 353, 356
77, 695, 984
166, 33, 189
558, 123, 1467
692, 1433, 141
1346, 35, 2151
1105, 166, 330
33, 1319, 252
887, 356, 1195
2382, 1184, 1354
875, 2739, 2763
666, 508, 52
778, 22, 376
380, 504, 895
77, 52, 138
172, 77, 100
697, 645, 1312
300, 687, 34
741, 141, 37
562, 835, 1305
130, 1003, 772
830, 129, 41
636, 33, 52
318, 464, 1201
474, 342, 1350
429, 2099, 172
359, 999, 101
565, 369, 173
2550, 65, 2245
1595, 1210, 695
902, 240, 434
46, 152, 142
1615, 761, 33
1396, 1225, 75
425, 558, 166
201, 771, 324
2432, 2571, 965
435, 128, 41
425, 966, 155
2343, 482, 71
241, 141, 214
341, 679, 437
152, 334, 758
1011, 789, 1338
435, 1078, 476
823, 792, 1424
3109, 703, 429
193, 203, 2373
330, 1526, 1304
333, 372, 406
292, 76, 77
410, 403, 149
2881, 679, 369
1033, 1794, 511
790, 39, 129
376, 313, 473
3110, 387, 33
172, 166, 123
141, 605, 870
89, 658, 200
407, 508, 451
77, 279, 246
689, 369, 49
1146, 510, 2170
856, 1587, 2622
1594, 588, 513
854, 3005, 1399
1133, 214, 781
22, 337, 510
1353, 2376, 73
372, 328, 6
2081, 761, 375
960, 1195, 792
1407, 334, 625
192, 317, 1465
161, 1144, 190
32, 34, 979
174, 1995, 369
1014, 1887, 2724
741, 1266, 476
778, 222, 442
102, 64, 640
87, 929, 653
174, 187, 1573
941, 389, 32
34, 35, 173
777, 174, 63
98, 403, 873
212, 10, 442
77, 343, 33
2371, 1615, 2364
193, 167, 658
290, 61, 859
1165, 369, 1184
2079, 785, 1007
218, 266, 313
476, 166, 1105
1445, 508, 669
819, 488, 130
1610, 141, 725
279, 273, 2761
1974, 2380, 1167
1859, 377, 2400
522, 715, 897
154, 817, 46
778, 1913, 240
283, 1883, 2498
313, 150, 163
425, 77, 170
257, 653, 166
2382, 742, 3116
3118, 287, 1832
425, 102, 32
77, 611, 166
1014, 123, 870
166, 2139, 68
793, 137, 75
33, 155, 172
776, 2160, 560
123, 853, 172
2834, 1614, 374
499, 1092, 407
2916, 201, 558
252, 2419, 2680
313, 376, 571
3120, 2216, 287
373, 132, 300
320, 334, 142
1973, 2010, 2098
1787, 464, 2310
503, 312, 3121
170, 768, 562
20, 1230, 429
707, 1186, 546
1312, 469, 620
489, 447, 2112
377, 776, 958
1965, 3119, 705
89, 442, 22
334, 600, 3122
681, 1817, 252
189, 2574, 1831
532, 343, 589
2249, 327, 684
878, 330, 142
123, 80, 644
128, 252, 1559
1012, 943, 509
784, 334, 902
189, 102, 410
187, 65, 341
566, 173, 1040
166, 334, 195
36, 60, 52
1350, 166, 557
1392, 1027, 1961
508, 43, 1511
3127, 1138, 223
313, 167, 3106
816, 33, 217
424, 2069, 214
77, 330, 408
118, 34, 511
508, 168, 77
173, 453, 343
2349, 2710, 820
317, 11, 59
102, 792, 277
283, 118, 34
305, 155, 777
130, 1014, 47
376, 558, 1399
195, 1016, 223
373, 188, 49
138, 1887, 739
2334, 167, 279
161, 26, 797
223, 257, 406
785, 173, 1328
951, 1170, 770
32, 409, 52
86, 142, 784
915, 2010, 583
1325, 1882, 557
369, 3130, 334
429, 89, 2807
96, 802, 2056
39, 1059, 777
389, 1052, 424
900, 188, 198
566, 155, 294
455, 442, 313
1318, 114, 75
313, 356, 2410
13, 317, 318
151, 195, 1194
1639, 134, 241
1058, 102, 257
60, 100, 2056
287, 630, 610
330, 1007, 166
114, 1326, 1597
41, 166, 42
2253, 1595, 406
741, 81, 1081
36, 150, 1167
2126, 2586, 2579
861, 696, 77
1072, 1040, 1444
1415, 474, 1622
241, 257, 141
777, 1350, 240
792, 784, 334
1146, 873, 510
141, 241, 273
2724, 130, 1119
653, 1526, 742
2765, 96, 102
455, 1232, 522
869, 493, 958
1076, 476, 403
60, 565, 318
200, 653, 195
653, 61, 87
187, 617, 270
22, 390, 164
854, 2557, 214
776, 195, 778
155, 130, 2589
1831, 52, 114
166, 334, 721
435, 980, 763
493, 965, 214
334, 369, 697
240, 476, 1637
52, 33, 249
108, 366, 1105
2766, 534, 52
263, 798, 2486
43, 81, 986
47, 640, 32
25, 605, 35
196, 996, 403
2872, 1528, 518
138, 33, 2299
846, 20, 533
761, 252, 1292
324, 713, 77
313, 252, 777
262, 583, 761
240, 2972, 319
1161, 68, 70
386, 802, 166
640, 356, 1396
1008, 1196, 876
1267, 311, 312
65, 52, 1399
1704, 129, 951
318, 1328, 24
759, 1314, 1880
2849, 193, 98
32, 241, 129
60, 1901, 1350
195, 3141, 75
1399, 1349, 1232
1093, 570, 1695
2595, 1066, 233
717, 273, 2139
992, 1628, 746
330, 77, 166
1893, 1743, 310
410, 902, 166
155, 313, 26
77, 163, 1382
1399, 223, 784
279, 173, 378
376, 681, 222
266, 1741, 135
1067, 390, 132
130, 1469, 966
77, 330, 897
345, 2265, 3144
191, 32, 77
2123, 2472, 292
2872, 792, 334
41, 76, 279
2563, 580, 114
33, 15, 2447
785, 1112, 39
983, 844, 359
893, 115, 1486
343, 125, 1794
173, 107, 680
141, 161, 77
75, 141, 148
250, 1014, 666
11, 1315, 170
438, 333, 1424
294, 150, 474
294, 34, 141
317, 33, 279
52, 942, 2158
785, 148, 802
3146, 89, 1058
1122, 257, 425
376, 726, 334
142, 658, 125
218, 138, 1269
373, 345, 680
521, 883, 2021
425, 633, 571
2571, 195, 390
132, 26, 176
782, 873, 53
645, 1592, 1312
108, 425, 370
100, 108, 835
817, 921, 1072
146, 250, 356
1146, 918, 570
776, 334, 505
97, 557, 1203
697, 992, 170
222, 708, 154
798, 1496, 1586
218, 87, 390
235, 47, 192
123, 128, 233
52, 777, 429
2621, 697, 273
493, 2335, 485
852, 32, 47
902, 166, 257
325, 1312, 359
141, 3150, 535
176, 34, 148
1958, 392, 1052
141, 195, 37
155, 279, 605
777, 52, 560
741, 342, 211
1864, 189, 474
141, 1170, 380
1368, 1543, 129
176, 77, 330
142, 533, 557
376, 725, 558
369, 571, 33
166, 776, 1443
33, 1727, 793
798, 640, 80
900, 535, 334
343, 2059, 32
878, 611, 163
501, 265, 623
640, 146, 669
1747, 2183, 777
390, 626, 34
208, 199, 1334
87, 123, 1398
1178, 166, 3154
562, 174, 835
168, 141, 474
1138, 2873, 2067
2343, 1321, 1293
429, 72, 681
2225, 2658, 1035
1406, 570, 252
1420, 1743, 281
33, 600, 166
195, 534, 369
34, 35, 114
163, 82, 150
1214, 257, 692
991, 1311, 1659
741, 334, 195
77, 87, 166
403, 87, 1067
77, 166, 129
26, 189, 1289
1721, 257, 835
1293, 45, 3048
645, 77, 742
583, 929, 142
240, 175, 222
902, 582, 697
376, 26, 252
1407, 869, 102
35, 330, 861
855, 166, 356
1487, 741, 33
1527, 297, 474
611, 32, 279
26, 168, 330
273, 342, 166
166, 645, 356
263, 232, 100
1173, 476, 26
2471, 33, 35
2141, 1058, 653
875, 2114, 266
359, 1138, 6
973, 208, 214
713, 130, 191
1170, 168, 1014
2242, 2693, 1323
1131, 931, 150
166, 195, 855
817, 35, 87
295, 3074, 1542
1037, 1475, 34
1350, 189, 98
1255, 101, 1315
108, 2773, 370
602, 1614, 2236
3158, 741, 257
605, 518, 311
493, 558, 1982
571, 87, 257
35, 33, 198
166, 146, 1318
1014, 283, 166
1240, 827, 1014
325, 408, 474
87, 1819, 653
83, 130, 669
34, 246, 52
195, 3154, 886
429, 438, 77
1445, 42, 2548
269, 2767, 3163
36, 330, 77
387, 244, 725
2664, 2516, 2833
544, 1076, 466
1267, 2058, 1350
569, 780, 333
345, 785, 473
376, 74, 251
1177, 958, 2621
699, 378, 155
35, 940, 2775
1014, 1701, 1298
108, 466, 22
804, 132, 359
665, 449, 746
2678, 138, 474
741, 860, 777
1848, 47, 1629
15, 739, 166
2881, 252, 705
307, 3104, 2042
484, 2917, 464
2264, 176, 193
369, 1374, 228
434, 503, 189
737, 1105, 162
1761, 782, 342
697, 1253, 842
566, 1972, 533
1658, 777, 376
370, 201, 318
438, 2749, 1837
166, 198, 48
943, 267, 308
645, 692, 653
1090, 480, 250
223, 98, 190
793, 1106, 2020
510, 370, 444
102, 36, 534
102, 142, 928
102, 1248, 273
36, 82, 77
133, 74, 318
152, 138, 438
252, 1519, 2420
343, 410, 1178
943, 278, 110
404, 279, 223
129, 25, 166
790, 283, 597
640, 1652, 695
550, 605, 36
561, 246, 983
739, 1150, 338
193, 283, 2177
1800, 2582, 297
571, 380, 2277
697, 166, 141
1434, 1490, 1601
252, 2933, 150
763, 1537, 128
22, 1142, 1122
968, 899, 1486
2360, 1974, 123
270, 2741, 307
37, 77, 189
562, 565, 86
837, 3166, 883
97, 123, 640
102, 223, 991
802, 141, 164
164, 1586, 166
2692, 703, 283
495, 451, 2039
228, 155, 1133
902, 760, 337
252, 359, 922
337, 1201, 341
37, 390, 318
96, 129, 252
210, 343, 318
217, 3169, 142
378, 222, 35
87, 570, 72
1619, 138, 589
167, 2111, 398
26, 102, 318
817, 1957, 1396
2319, 886, 152
1733, 1350, 1535
174, 3170, 949
252, 380, 605
790, 793, 1559
129, 611, 1536
246, 902, 223
153, 1326, 65
533, 65, 571
141, 102, 252
771, 787, 394
1316, 436, 1292
1122, 362, 645
276, 854, 318
166, 1250, 787
777, 586, 146
797, 36, 345
98, 2821, 252
1571, 295, 16
163, 438, 409
252, 533, 128
49, 35, 550
77, 376, 318
106, 369, 633
474, 189, 87
2212, 3172, 1079
100, 11, 269
477, 856, 223
3145, 1131, 897
257, 247, 11
394, 925, 1848
835, 765, 176
2260, 503, 273
37, 252, 163
195, 343, 318
53, 1779, 1053
87, 875, 442
654, 376, 77
102, 919, 217
35, 1942, 707
1327, 172, 777
252, 1828, 188
107, 106, 1448
3046, 393, 294
172, 163, 173
761, 142, 1146
246, 792, 22
3138, 1538, 1292
1424, 162, 195
150, 128, 77
163, 37, 77
233, 173, 511
386, 141, 252
74, 82, 115
584, 592, 762
1138, 166, 902
586, 77, 130
586, 696, 77
958, 1305, 168
87, 1613, 1806
1883, 3177, 673
172, 819, 701
65, 1700, 166
895, 1277, 205
210, 673, 209
77, 854, 166
2076, 2727, 1334
1292, 1782, 1144
739, 77, 1078
294, 2849, 1148
200, 1542, 533
2664, 192, 843
208, 1679, 174
63, 82, 1123
49, 80, 63
1045, 565, 1731
474, 509, 77
640, 2664, 172
854, 343, 318
508, 199, 77
170, 2390, 633
525, 1027, 723
169, 1592, 3060
514, 1142, 125
582, 1248, 170
1849, 1460, 1433
270, 1701, 709
1876, 792, 217
166, 163, 257
725, 11, 47
71, 166, 42
1188, 188, 1146
388, 166, 77
446, 386, 65
86, 2652, 376
76, 138, 3178
741, 169, 533
1614, 807, 560
725, 46, 48
1194, 166, 560
1536, 2205, 902
205, 409, 150
150, 279, 1982
1045, 94, 86
1492, 474, 81
861, 674, 806
758, 3067, 359
370, 442, 128
189, 13, 511
2879, 1277, 723
134, 35, 474
1259, 1250, 170
2936, 276, 330
46, 279, 2981
82, 297, 313
1478, 605, 758
189, 508, 257
283, 101, 790
1040, 318, 42
776, 742, 760
45, 313, 152
48, 408, 1448
72, 135, 123
173, 525, 666
89, 114, 1348
128, 804, 77
533, 150, 76
570, 38, 76
40, 308, 645
313, 297, 768
302, 173, 777
2086, 166, 1430
198, 86, 1014
1089, 223, 1821
984, 854, 561
1936, 2754, 100
254, 1138, 640
1620, 776, 22
195, 77, 408
149, 474, 857
785, 356, 912
535, 214, 685
257, 566, 294
380, 1011, 1691
669, 986, 356
166, 645, 380
2255, 973, 87
1814, 1350, 777
257, 378, 205
378, 690, 77
1192, 822, 1090
761, 174, 333
854, 22, 611
942, 172, 74
86, 72, 644
645, 1585, 1632
725, 279, 195
1513, 611, 312
195, 390, 1297
771, 669, 611
725, 81, 376
42, 80, 481
42, 539, 535
356, 48, 173
195, 768, 902
343, 697, 1138
170, 155, 195
1350, 2119, 208
166, 77, 155
1420, 546, 2482
605, 640, 330
1277, 48, 170
560, 697, 504
921, 223, 525
41, 172, 273
536, 669, 835
1040, 790, 928
297, 669, 408
40, 400, 666
327, 38, 376
123, 166, 19
80, 146, 1974
940, 87, 200
2604, 2289, 2019
166, 176, 11
2219, 313, 77
47, 570, 76
3102, 1284, 948
168, 98, 1570
535, 633, 77
1178, 760, 166
565, 141, 842
26, 257, 455
771, 217, 3040
464, 51, 82
129, 474, 77
77, 1011, 398
1571, 649, 77
3069, 760, 777
2202, 2706, 141
196, 1656, 406
1542, 164, 2868
3180, 2412, 2207
855, 283, 150
217, 26, 118
1424, 1293, 527
1602, 1802, 784
1112, 103, 330
16, 902, 941
211, 765, 89
356, 653, 77
279, 566, 2373
77, 22, 48
760, 3183, 645
87, 150, 141
223, 1705, 697
26, 257, 166
778, 142, 645
3185, 359, 1120
390, 150, 77
25, 295, 1098
787, 313, 52
1396, 837, 649
141, 1052, 493
81, 2563, 593
166, 1688, 777
313, 89, 94
3185, 200, 279
49, 510, 410
2170, 52, 565
209, 231, 26
476, 223, 586
87, 929, 1228
721, 343, 102
561, 2255, 282
141, 87, 199
26, 166, 1315
486, 81, 1266
208, 1742, 804
2364, 146, 1363
1014, 142, 1864
141, 806, 1305
778, 22, 172
586, 262, 146
166, 220, 223
1318, 653, 81
42, 1391, 176
720, 96, 1740
493, 400, 18
636, 22, 102
768, 380, 686
26, 411, 150
313, 792, 141
312, 493, 758
1518, 918, 1698
510, 173, 1381
201, 1259, 313
2052, 98, 475
1819, 2796, 1422
480, 97, 726
2076, 2158, 1801
343, 273, 223
687, 311, 343
