7, 5, 2
25, 37, 24
48, 54, 50
95, 75, 106
147, 9, 118
158, 148, 153
171, 172, 165
173, 109, 176
118, 151, 160
187, 189, 119
228, 200, 233
247, 36, 236
269, 267, 92
322, 302, 306
333, 48, 330
352, 347, 353
409, 80, 407
643, 438, 16
7, 649, 650
655, 658, 38
417, 429, 431
696, 67, 694
189, 711, 736
180, 33, 131
767, 763, 157
494, 63, 59
65, 813, 814
382, 521, 598
823, 820, 821
832, 130, 836
845, 851, 427
196, 12, 729
889, 885, 458
225, 6, 893
35, 896, 134
310, 380, 146
20, 903, 769
559, 80, 332
289, 65, 921
160, 936, 2
961, 959, 431
971, 458, 976
999, 1003, 998
71, 1023, 989
1050, 1043, 1053
431, 1061, 16
1094, 989, 1124
1217, 1215, 1212
1336, 1298, 1107
1690, 1108, 1649
451, 67, 320
1700, 0, 689
151, 1710, 1707
1714, 61, 1016
1716, 945, 1601
140, 160, 67
1765, 46, 1736
1811, 1784, 1877
115, 1919, 78
1926, 302, 389
979, 1944, 1517
2097, 140, 274
289, 915, 2049
2126, 1877, 75
225, 1504, 29
512, 1032, 769
1836, 753, 166
1009, 2158, 855
1539, 1628, 448
966, 301, 2173
75, 140, 322
1133, 1252, 117
283, 2153, 445
382, 1077, 675
431, 640, 2186
850, 176, 2190
772, 2226, 263
229, 36, 1225
2352, 891, 613
883, 1701, 1167
2386, 1014, 2387
2204, 424, 1213
2390, 568, 687
63, 108, 2393
2153, 569, 938
2431, 1310, 2428
230, 1229, 1601
1070, 322, 1759
2437, 107, 2442
315, 434, 2448
2052, 2480, 2451
1025, 494, 80
624, 2510, 2508
1736, 341, 785
419, 1791, 2524
180, 2294, 446
2539, 236, 553
2306, 2555, 2552
593, 1952, 23
2559, 586, 1005
1679, 1464, 267
21, 431, 603
151, 2589, 2282
559, 2092, 330
2011, 272, 459
102, 444, 1015
683, 120, 2610
93, 427, 144
33, 48, 216
1369, 993, 451
20, 67, 915
328, 663, 899
2479, 2674, 2703
2707, 1374, 1222
447, 2710, 2150
67, 2153, 903
1166, 2132, 0
1952, 2280, 595
140, 59, 505
966, 898, 611
2095, 252, 2759
1645, 2797, 2778
996, 2840, 130
37, 93, 1210
2965, 1949, 2963
0, 2216, 46
1643, 1315, 1635
1337, 581, 619
3002, 2937, 99
38, 2231, 67
408, 275, 612
980, 1070, 3026
1054, 1957, 1101
3032, 3037, 588
194, 18, 95
3060, 909, 1805
288, 325, 228
3107, 819, 380
230, 172, 11
829, 2678, 976
216, 1375, 3122
3126, 1146, 171
221, 557, 293
1969, 583, 263
1456, 3137, 2318
510, 160, 3149
369, 278, 234
15, 180, 74
227, 460, 3166
87, 1070, 2306
756, 154, 1615
839, 1877, 18
3238, 144, 32
283, 872, 109
851, 2039, 41
230, 442, 2180
2433, 2186, 34
3281, 1850, 113
3285, 2555, 2483
234, 80, 30
3290, 431, 3089
10, 1609, 867
107, 981, 101
630, 214, 146
503, 595, 875
321, 451, 322
80, 230, 873
1707, 1955, 2522
3340, 468, 595
3345, 424, 184
588, 1197, 60
3387, 1082, 1582
678, 1730, 9
586, 431, 96
320, 2270, 228
785, 1791, 1961
3420, 762, 68
220, 1969, 2095
434, 854, 1720
226, 1495, 3425
3175, 2835, 3427
2012, 268, 2421
112, 905, 327
1940, 1091, 372
1021, 1148, 1467
121, 932, 1650
966, 553, 1244
39, 16, 748
2, 431, 2076
301, 87, 2344
3502, 228, 3066
417, 996, 1402
317, 1695, 663
761, 20, 883
1937, 3535, 336
724, 429, 510
3538, 216, 66
3543, 427, 3541
1047, 67, 662
1054, 431, 245
435, 3550, 989
1240, 1984, 2519
229, 1966, 7
2150, 1988, 336
2745, 180, 11
236, 858, 3561
1881, 321, 235
60, 3214, 612
2793, 184, 680
972, 1079, 3573
6, 1310, 1460
960, 2334, 3594
3088, 0, 3599
440, 22, 510
216, 289, 2308
117, 929, 3606
623, 1881, 65
1182, 325, 1557
559, 67, 1059
68, 1137, 1090
1234, 1666, 933
883, 1742, 2653
3634, 3633, 3635
247, 1937, 65
285, 458, 286
21, 872, 435
1643, 1921, 1423
189, 93, 1310
194, 330, 3656
511, 757, 118
2555, 2801, 3666
589, 1903, 369
34, 1005, 966
75, 2190, 1079
291, 176, 327
2600, 252, 3320
2124, 1449, 853
2433, 445, 2727
2306, 1705, 919
77, 434, 1098
236, 67, 3684
2067, 307, 719
313, 2186, 3686
968, 3688, 3690
2552, 956, 2871
3539, 216, 1210
323, 11, 160
767, 1988, 3600
813, 2173, 293
126, 2424, 2190
2710, 2394, 3478
253, 616, 619
370, 683, 16
729, 989, 864
112, 944, 1607
230, 660, 3751
490, 67, 350
785, 3764, 1981
3769, 445, 1130
858, 1195, 3785
2720, 912, 1068
3789, 3791, 2154
1068, 1232, 360
688, 617, 2153
1225, 1266, 2025
1155, 765, 929
1890, 761, 109
326, 3808, 957
1142, 2245, 1966
538, 661, 2616
3660, 435, 577
197, 3798, 414
417, 431, 31
707, 100, 285
2684, 2448, 1653
61, 3124, 67
1148, 327, 1977
555, 18, 336
24, 662, 30
3388, 1220, 3859
118, 226, 464
510, 0, 876
48, 2730, 227
25, 966, 48
2546, 3649, 254
181, 1244, 268
661, 234, 293
1659, 508, 3504
814, 3879, 1501
619, 844, 3881
464, 597, 27
326, 1783, 92
21, 225, 2652
543, 3893, 136
1952, 348, 3895
113, 717, 247
2071, 2119, 613
278, 511, 591
3454, 3907, 757
476, 176, 326
912, 3336, 3969
963, 429, 662
3225, 1952, 1130
3975, 515, 348
1054, 1939, 1614
2002, 903, 3978
2162, 3007, 271
1544, 521, 3745
236, 3771, 20
3982, 1659, 1956
267, 2040, 266
869, 230, 45
3978, 764, 320
298, 206, 7
69, 2335, 933
3074, 283, 2140
67, 2442, 71
326, 417, 2190
1186, 7, 80
293, 593, 2062
4025, 547, 4006
1868, 3066, 1382
3163, 1006, 1033
1075, 553, 960
2600, 3580, 883
499, 292, 404
528, 98, 1186
322, 2766, 790
2265, 509, 597
2072, 981, 1729
69, 850, 1961
144, 1627, 1598
850, 1128, 382
645, 2408, 550
2180, 192, 966
279, 2904, 3010
3672, 11, 883
230, 252, 214
1312, 317, 247
104, 4116, 19
862, 2960, 4119
1268, 983, 612
695, 127, 712
4137, 541, 2077
511, 431, 247
37, 2579, 151
2637, 2560, 33
4141, 980, 1841
68, 1912, 72
989, 67, 93
19, 424, 1929
1463, 2623, 1018
591, 419, 3356
2290, 420, 4146
282, 2056, 445
186, 579, 6
2212, 347, 1784
4155, 146, 2186
3646, 131, 2278
247, 112, 905
1066, 4206, 4205
4207, 419, 1067
360, 322, 2969
290, 499, 435
2320, 1169, 4216
119, 360, 160
245, 911, 2223
791, 301, 1796
569, 111, 442
832, 601, 45
322, 4226, 3081
2153, 906, 3472
330, 283, 214
1181, 217, 4233
662, 305, 2622
703, 4235, 327
2336, 1021, 396
1267, 1501, 93
3402, 4241, 2612
263, 586, 630
0, 2455, 4245
872, 1400, 109
404, 1724, 1936
931, 4253, 2199
1501, 392, 586
1941, 404, 875
3966, 2721, 4256
543, 1240, 883
24, 851, 4258
1641, 293, 4201
1148, 326, 2819
16, 2162, 1063
3137, 511, 515
131, 330, 873
175, 689, 231
38, 214, 43
71, 28, 415
2336, 460, 4279
172, 155, 942
870, 2655, 767
230, 2777, 1981
2432, 840, 916
1936, 3545, 92
321, 996, 1504
393, 1100, 809
883, 1005, 180
3502, 93, 173
2069, 663, 2336
3146, 102, 67
689, 293, 1969
829, 2119, 1037
3974, 119, 1098
493, 976, 2095
2654, 360, 1720
77, 665, 63
182, 30, 1065
95, 67, 113
912, 260, 1460
1292, 510, 2195
1102, 1997, 3325
2712, 1752, 1969
434, 317, 350
765, 245, 813
87, 74, 38
1730, 254, 236
2717, 4357, 746
445, 322, 1019
1572, 2005, 1159
883, 2964, 192
4357, 4211, 3282
1031, 1279, 562
2076, 1136, 1988
3072, 4363, 2555
1988, 249, 4365
1261, 3818, 809
4381, 510, 1628
963, 281, 327
3747, 4386, 4273
2646, 4222, 1712
1021, 3121, 2
2069, 3695, 476
234, 304, 2511
37, 966, 199
617, 413, 254
1952, 36, 217
38, 4401, 1934
552, 11, 2184
510, 876, 67
850, 883, 1719
178, 1952, 3596
434, 2522, 588
1650, 1104, 1222
4423, 1504, 180
4426, 9, 445
1966, 1998, 155
2763, 323, 325
3249, 962, 4329
230, 2143, 678
883, 4432, 292
197, 4434, 4436
2134, 1186, 686
2069, 431, 510
731, 769, 851
16, 4438, 551
87, 1187, 535
640, 666, 429
189, 4447, 2416
4454, 1241, 331
1977, 180, 293
1871, 1147, 330
283, 970, 1053
4462, 40, 2181
498, 4465, 1237
290, 231, 662
311, 985, 1719
852, 864, 1470
77, 3201, 1778
2262, 1168, 144
503, 666, 629
1275, 230, 1187
1065, 45, 0
236, 2369, 0
431, 0, 1027
344, 229, 1400
4377, 470, 182
1988, 2593, 897
591, 1452, 2850
1555, 74, 2900
136, 2665, 4505
3069, 666, 875
420, 192, 2580
28, 174, 1467
228, 525, 336
67, 4509, 230
45, 382, 429
1225, 7, 326
871, 434, 852
271, 396, 80
1966, 219, 67
406, 326, 322
1546, 1929, 4516
956, 1054, 2595
613, 45, 3546
29, 1321, 72
4552, 1842, 1950
4155, 2390, 1128
1759, 1899, 2393
703, 552, 631
1703, 65, 956
1136, 1556, 1460
850, 494, 1926
45, 182, 67
360, 1373, 37
521, 599, 503
404, 360, 612
230, 501, 411
4600, 2124, 1666
926, 656, 2209
21, 80, 30
4603, 388, 3254
2483, 0, 93
155, 740, 1260
126, 1749, 3895
4607, 4356, 1070
2001, 4608, 2223
22, 4611, 1765
2634, 1659, 75
46, 353, 21
384, 2507, 532
612, 2781, 2546
3365, 1085, 120
960, 2088, 3617
3880, 4627, 1120
1899, 3482, 396
900, 3244, 1046
1053, 2425, 673
3627, 4633, 2275
499, 2202, 3717
2214, 1748, 1350
1063, 2549, 1367
2241, 141, 32
1764, 703, 1966
676, 178, 12
1067, 681, 89
1735, 321, 221
404, 488, 34
2546, 11, 73
2732, 912, 2015
65, 2509, 662
1703, 9, 263
267, 202, 4660
2740, 45, 480
625, 65, 1078
1058, 1847, 2149
3827, 151, 1141
4665, 966, 4411
2938, 3589, 143
209, 4685, 3287
2177, 1895, 325
4127, 417, 250
2732, 977, 422
77, 80, 326
767, 0, 2140
6, 100, 2637
1252, 595, 262
45, 703, 511
413, 44, 392
3408, 3046, 59
2248, 684, 330
760, 2162, 1725
3472, 1784, 906
319, 2595, 1088
9, 65, 234
267, 1430, 1382
1942, 1992, 267
2762, 2290, 2916
1764, 267, 1066
756, 521, 321
31, 1304, 4728
1563, 1136, 1611
328, 1906, 322
332, 3025, 18
2616, 277, 656
1054, 4738, 2602
404, 829, 1058
404, 69, 1668
177, 76, 668
126, 615, 915
2311, 2618, 427
3500, 1110, 852
2577, 515, 1016
708, 3090, 1756
404, 449, 844
1974, 6, 254
1019, 2052, 2749
883, 0, 703
131, 195, 3127
388, 112, 5
448, 1352, 262
274, 2136, 873
4470, 1705, 251
1267, 4761, 2329
229, 1091, 395
330, 2089, 2240
846, 3210, 851
1092, 4504, 4769
166, 1096, 464
9, 851, 591
37, 279, 814
1778, 2273, 4659
20, 665, 519
126, 136, 426
872, 1761, 3584
1784, 1054, 1250
1070, 704, 2413
459, 271, 3721
80, 718, 22
649, 435, 67
186, 3813, 234
1062, 397, 1042
3439, 1678, 104
389, 2055, 1268
216, 251, 515
3152, 2390, 499
4796, 2124, 203
2262, 221, 80
4726, 1010, 4765
623, 1756, 4804
529, 0, 67
43, 38, 140
1367, 4031, 41
118, 4805, 2173
574, 155, 572
4213, 3508, 3306
1246, 2320, 1350
2773, 1467, 4022
234, 2153, 541
1935, 769, 2443
2248, 1966, 185
435, 46, 1016
2186, 2600, 977
2124, 144, 681
915, 3773, 34
326, 1225, 1128
67, 3007, 541
151, 2241, 20
225, 2154, 36
3035, 476, 816
4807, 1352, 292
592, 1283, 700
3413, 4846, 1783
837, 2413, 814
66, 326, 3294
1148, 404, 80
1070, 3614, 110
499, 417, 3715
336, 9, 2095
230, 136, 245
853, 905, 604
1009, 1080, 855
1253, 4859, 1199
851, 175, 45
227, 512, 1966
474, 222, 75
6, 2131, 2732
190, 263, 67
4865, 3823, 274
353, 676, 263
907, 168, 1014
389, 3279, 198
912, 911, 323
3386, 3518, 2969
226, 915, 155
511, 287, 1184
2131, 895, 631
4854, 2837, 1939
2132, 2248, 1467
1993, 178, 182
2173, 3093, 422
915, 253, 57
119, 3296, 1168
2028, 140, 3222
239, 1533, 2470
0, 80, 118
4893, 4, 96
1367, 541, 80
67, 986, 6
189, 3330, 756
0, 323, 2960
905, 3228, 67
4900, 2546, 3415
260, 1000, 1881
4313, 4902, 1853
510, 80, 3602
593, 603, 189
2016, 529, 263
1220, 2497, 755
1278, 176, 2420
299, 128, 515
1220, 0, 2519
1535, 173, 1059
80, 4912, 4911
2290, 336, 330
1165, 251, 2268
2280, 1162, 395
3462, 903, 99
434, 440, 322
2509, 2129, 120
2120, 509, 964
67, 2749, 1707
586, 689, 176
1177, 1065, 905
4921, 80, 330
567, 85, 4924
953, 2099, 294
983, 968, 2729
278, 689, 1296
279, 147, 168
2386, 1287, 92
263, 640, 21
935, 1240, 808
3551, 498, 164
1981, 325, 511
4947, 4403, 1748
68, 249, 1623
926, 2014, 6
44, 32, 275
1834, 2067, 4940
192, 66, 1068
230, 3973, 1614
452, 662, 4729
1336, 510, 1974
4977, 1228, 1033
3600, 2606, 313
1070, 80, 180
2602, 586, 1602
666, 1019, 404
31, 46, 190
263, 1280, 267
1019, 94, 298
510, 58, 950
321, 4989, 301
372, 2266, 1049
33, 4992, 4991
2732, 283, 1174
19, 2096, 1523
104, 1067, 630
613, 1079, 3547
4783, 164, 972
2140, 172, 67
67, 1745, 508
67, 1981, 541
228, 2291, 161
2084, 155, 1009
3248, 4257, 251
112, 883, 128
998, 2012, 960
992, 1950, 20
528, 80, 282
802, 261, 494
447, 325, 3389
1650, 172, 263
5018, 431, 1023
4657, 1645, 1070
392, 7, 1791
245, 511, 323
883, 282, 80
1165, 293, 2256
1337, 2523, 2391
435, 461, 1892
3822, 663, 850
234, 130, 718
230, 5032, 254
2186, 227, 594
1947, 2139, 220
1654, 510, 61
1634, 1639, 1255
1048, 541, 61
678, 145, 1609
1719, 1910, 126
1019, 1160, 1067
65, 45, 971
1294, 1565, 263
9, 360, 1148
75, 1811, 19
5042, 2123, 1068
3694, 244, 3156
846, 2266, 2553
126, 2813, 3859
1027, 1215, 348
5084, 3679, 146
2636, 945, 1609
854, 9, 656
417, 1600, 2281
191, 435, 93
455, 295, 119
235, 1912, 683
671, 911, 3273
74, 5093, 563
5099, 5096, 992
1130, 4093, 323
867, 3831, 826
1005, 543, 5107
2446, 2519, 1811
5109, 57, 1306
106, 1784, 46
1017, 33, 612
1260, 1523, 962
2980, 1368, 1128
1516, 1858, 214
413, 1218, 1607
613, 67, 970
3218, 9, 718
272, 1572, 190
553, 592, 263
445, 964, 221
740, 65, 1321
1268, 905, 413
3661, 791, 154
3234, 2644, 38
3653, 2608, 236
2189, 5162, 170
80, 504, 1616
2413, 969, 4002
553, 903, 236
175, 5164, 3564
640, 950, 2134
266, 1917, 2987
1016, 183, 178
553, 1720, 1012
92, 1725, 113
254, 2602, 2506
1897, 983, 478
5172, 207, 964
5175, 336, 1177
937, 1528, 20
2139, 550, 568
99, 154, 581
451, 581, 31
445, 2173, 142
326, 740, 330
1054, 2591, 2118
849, 3772, 61
963, 3894, 323
140, 1546, 883
420, 1628, 2112
230, 293, 228
186, 3638, 809
675, 3126, 2306
1059, 5209, 762
93, 429, 178
2052, 3298, 2002
239, 32, 392
1247, 64, 2929
117, 2294, 118
407, 2172, 3412
5224, 422, 2411
712, 396, 36
677, 1623, 1628
769, 452, 1974
2448, 136, 3649
529, 4, 603
2132, 132, 997
869, 3471, 2105
399, 5239, 4616
3550, 4423, 5210
2344, 230, 213
180, 4524, 1264
777, 1950, 445
989, 404, 425
904, 1046, 4570
2960, 2842, 5245
3423, 184, 608
33, 5247, 228
4817, 291, 3672
215, 46, 567
382, 326, 67
155, 592, 2287
21, 4293, 295
906, 170, 194
804, 126, 83
74, 131, 28
911, 194, 5254
330, 1602, 5255
57, 112, 708
1887, 915, 326
39, 323, 1169
3415, 888, 1746
382, 17, 438
1213, 77, 2225
911, 10, 1128
2184, 903, 680
444, 663, 708
305, 328, 216
236, 180, 0
1059, 2469, 3941
503, 1956, 4747
181, 131, 2085
2559, 292, 295
1058, 112, 1400
2286, 4297, 883
254, 915, 663
4104, 2579, 150
174, 623, 2506
147, 5269, 1791
38, 230, 422
0, 983, 18
230, 73, 1086
181, 1746, 301
429, 611, 4659
5274, 899, 1507
703, 2579, 5275
444, 2436, 4661
1794, 180, 6
140, 1966, 1112
3588, 986, 321
873, 144, 2241
2280, 3093, 30
511, 769, 3279
301, 3598, 1750
911, 20, 872
2433, 820, 746
1067, 1181, 1883
687, 32, 320
1063, 502, 1250
668, 980, 328
80, 221, 144
1919, 640, 2084
33, 619, 396
108, 2712, 852
1988, 5177, 2871
5093, 181, 2173
3255, 118, 761
226, 407, 2270
3298, 67, 2306
3222, 677, 67
5283, 3222, 675
858, 613, 2731
2028, 397, 1176
5285, 417, 4687
80, 178, 559
1025, 2446, 957
3702, 626, 3849
3591, 5288, 981
76, 864, 933
619, 450, 420
175, 22, 3593
378, 977, 2618
2363, 141, 92
75, 7, 109
286, 285, 4873
2025, 5, 132
424, 58, 809
3617, 170, 1067
542, 5295, 175
230, 1019, 0
2962, 254, 46
132, 80, 1166
80, 4783, 283
2098, 1888, 1912
3182, 438, 112
4514, 105, 4698
147, 3081, 38
1184, 1448, 1120
5302, 811, 317
2184, 1148, 172
164, 895, 624
1182, 2003, 161
2637, 5289, 4801
78, 263, 1252
67, 87, 435
1059, 2735, 808
187, 736, 228
1167, 2168, 3066
1422, 839, 2629
2731, 2559, 3479
392, 1252, 541
323, 5309, 851
1435, 5313, 506
2248, 11, 3081
361, 2433, 1736
950, 1196, 2235
4731, 322, 424
112, 236, 1275
66, 61, 627
806, 295, 3035
221, 431, 689
80, 72, 1636
307, 326, 228
132, 382, 5325
2197, 2515, 394
1000, 1854, 605
2130, 445, 33
1068, 1565, 5332
2900, 360, 623
77, 185, 140
937, 94, 2076
883, 981, 67
749, 1871, 1616
1148, 1664, 2164
900, 662, 1184
196, 131, 2600
592, 323, 445
131, 425, 67
949, 1879, 864
1239, 4433, 5206
1028, 1056, 2604
2108, 2033, 1267
1981, 2225, 2201
108, 1778, 2124
915, 1269, 2671
4696, 392, 1523
5354, 3640, 1056
0, 67, 1225
5358, 531, 989
2433, 3306, 80
503, 59, 850
1019, 5359, 3147
1566, 5361, 4343
2551, 3455, 597
829, 370, 5362
1550, 68, 932
34, 37, 160
687, 3311, 4556
2752, 5363, 769
77, 172, 4
2393, 229, 516
1759, 535, 1501
1493, 518, 3424
4766, 682, 5370
5285, 2134, 511
3821, 1953, 667
42, 1912, 372
172, 80, 552
431, 4295, 1610
554, 2782, 2150
38, 683, 9
81, 811, 510
1512, 805, 1050
217, 370, 2755
422, 67, 175
704, 1493, 1743
198, 4044, 1668
65, 20, 230
112, 118, 59
1123, 706, 2710
111, 5377, 319
354, 4085, 376
1944, 1136, 1654
18, 9, 180
5379, 252, 1016
404, 541, 4217
263, 1998, 3671
4615, 1090, 13
4253, 2534, 113
3282, 959, 790
3216, 1982, 3209
837, 3070, 5383
1603, 1037, 1614
981, 1191, 510
1261, 288, 687
1729, 1992, 3867
46, 330, 858
160, 231, 4556
194, 4826, 178
2067, 1336, 5390
131, 30, 254
3949, 4503, 129
292, 2215, 1026
221, 2024, 429
2151, 911, 132
451, 550, 336
744, 3182, 761
912, 473, 1758
203, 1128, 626
230, 266, 61
989, 424, 19
464, 1910, 2402
2732, 5400, 282
4860, 206, 230
3663, 981, 313
1709, 819, 2571
1275, 976, 0
180, 3392, 1990
234, 168, 3585
0, 254, 181
45, 60, 1560
5407, 234, 2108
718, 1735, 301
228, 293, 1019
3611, 2056, 820
2538, 0, 3413
236, 3974, 2095
661, 67, 109
2186, 291, 231
188, 100, 78
1101, 2525, 5236
643, 870, 1275
1650, 417, 350
754, 119, 2364
30, 685, 684
350, 5043, 671
557, 452, 11
1966, 712, 147
785, 36, 427
2220, 487, 40
175, 2275, 2106
763, 111, 1428
254, 11, 19
263, 267, 190
1148, 2898, 1844
1224, 2937, 4517
38, 27, 2520
114, 1666, 5314
301, 4058, 326
2180, 431, 2969
623, 456, 4698
479, 1666, 431
876, 5444, 4980
511, 1956, 813
591, 170, 67
1575, 83, 790
60, 5083, 620
1176, 427, 980
1872, 2412, 2379
146, 445, 431
38, 616, 720
488, 18, 572
444, 951, 643
19, 136, 488
2131, 307, 525
182, 5459, 252
9, 1563, 628
1019, 2493, 826
1636, 1503, 3749
46, 23, 3244
1836, 1032, 1847
2218, 203, 3273
2050, 879, 1008
80, 283, 1253
553, 535, 3307
452, 1956, 93
1225, 67, 1393
883, 196, 235
5465, 791, 4004
220, 2564, 290
623, 656, 9
4504, 683, 2245
250, 429, 282
5466, 1294, 2190
117, 2161, 1136
389, 7, 2736
2864, 216, 871
2497, 1225, 929
10, 445, 429
2727, 557, 1056
2000, 96, 829
5470, 892, 3671
59, 80, 361
1643, 7, 581
2494, 972, 338
807, 5471, 5472
4062, 214, 1746
404, 676, 3072
33, 1016, 2134
1239, 415, 3307
2550, 172, 5159
978, 2974, 117
423, 429, 180
2406, 978, 557
1250, 348, 1966
72, 3688, 769
981, 2035, 117
950, 263, 969
2961, 145, 236
77, 382, 1966
203, 721, 981
131, 473, 479
2131, 664, 617
2131, 435, 761
230, 950, 1229
451, 459, 361
521, 475, 434
769, 4143, 903
1634, 1941, 1629
3400, 733, 1911
1217, 216, 574
4250, 2819, 698
3137, 1732, 0
2448, 1019, 3169
2355, 458, 330
360, 698, 1260
1019, 1017, 126
3536, 3242, 129
593, 431, 682
5498, 267, 111
5499, 553, 1187
263, 656, 2306
427, 301, 217
112, 536, 11
1759, 404, 3535
915, 180, 176
717, 756, 2924
230, 429, 30
325, 2135, 429
2256, 2429, 292
3921, 4667, 1657
554, 445, 553
427, 2137, 278
67, 2584, 251
292, 1225, 649
1225, 1571, 1542
907, 760, 640
1957, 1640, 114
3142, 236, 960
1128, 435, 1098
1482, 581, 145
325, 404, 1530
3842, 1629, 3425
807, 2448, 3257
1197, 853, 518
1251, 72, 5288
33, 230, 194
2960, 80, 1171
75, 703, 251
285, 252, 849
2016, 168, 1966
2557, 10, 553
873, 758, 519
767, 555, 2235
950, 70, 93
67, 817, 1778
2399, 65, 5395
2318, 2111, 3464
146, 2535, 21
1712, 891, 38
1367, 404, 275
445, 2752, 980
2462, 424, 1362
1725, 1162, 429
67, 146, 510
181, 1744, 1275
37, 3461, 640
2262, 889, 964
2018, 1700, 3833
369, 67, 1059
323, 541, 2056
317, 2450, 3886
5516, 4975, 1286
2330, 166, 2212
251, 3121, 179
826, 3655, 2124
3746, 323, 2072
1310, 80, 749
1067, 1068, 378
293, 734, 351
3354, 1422, 1944
5104, 2379, 133
557, 864, 934
2268, 541, 2241
4563, 4412, 2091
176, 1712, 2527
4057, 3330, 326
4166, 1729, 2199
166, 324, 904
222, 21, 122
2186, 567, 4420
317, 38, 112
0, 837, 4245
3524, 4565, 66
297, 4906, 1188
94, 227, 1510
336, 604, 662
461, 1501, 225
1959, 0, 3452
555, 5416, 1428
230, 275, 286
38, 452, 2334
4336, 511, 1261
883, 0, 230
904, 66, 2096
56, 1659, 3169
216, 2509, 2726
39, 3274, 46
2306, 131, 3155
263, 3145, 1967
67, 180, 46
330, 285, 11
420, 452, 525
2024, 3498, 4768
292, 2472, 932
883, 444, 1101
2159, 3534, 4286
2076, 769, 429
2048, 1122, 1332
74, 2595, 553
676, 145, 480
931, 829, 95
9, 2184, 3210
2119, 234, 1953
92, 1966, 311
2752, 435, 2524
5048, 396, 3945
3904, 1795, 510
175, 172, 683
678, 231, 445
2475, 3519, 117
1062, 1054, 1019
5071, 429, 2062
1394, 182, 236
676, 1019, 236
18, 321, 322
576, 3649, 511
177, 422, 245
392, 423, 5552
2778, 4505, 413
253, 429, 630
263, 1523, 33
113, 445, 2062
3757, 569, 206
189, 2557, 4277
215, 5558, 1077
3146, 30, 67
1455, 1939, 136
0, 370, 2475
2777, 219, 2190
216, 2509, 429
458, 437, 151
1332, 2487, 2595
662, 5560, 661
2600, 691, 138
1485, 4014, 3951
3970, 767, 67
476, 1784, 1756
3325, 567, 106
2379, 2151, 2749
552, 236, 218
31, 1261, 60
286, 2689, 1834
3611, 2311, 2550
395, 3400, 577
1467, 3663, 35
911, 244, 929
330, 523, 890
850, 30, 899
18, 662, 234
353, 471, 1776
3332, 2804, 80
174, 612, 542
431, 942, 2263
90, 268, 4216
16, 1186, 662
404, 2199, 4722
173, 249, 267
1162, 0, 1023
2454, 9, 2124
205, 3496, 515
1701, 3230, 591
227, 20, 2010
586, 767, 4908
3404, 9, 900
3296, 873, 911
192, 3301, 378
1243, 987, 269
503, 470, 1791
1613, 0, 1124
395, 185, 13
92, 80, 275
5582, 1954, 5580
4054, 5065, 913
326, 4693, 456
2235, 510, 0
355, 541, 828
452, 475, 268
5588, 5586, 5573
295, 4818, 4306
5336, 1234, 3966
1229, 5477, 147
1767, 87, 515
905, 1548, 1953
1997, 145, 2995
495, 957, 197
832, 695, 234
2161, 1654, 2525
3439, 45, 851
2464, 1936, 94
11, 119, 435
2304, 1240, 867
166, 1572, 1526
645, 668, 74
98, 1855, 1230
1067, 20, 221
2124, 2833, 3403
2108, 1348, 602
348, 512, 80
179, 628, 228
3734, 5564, 2435
185, 323, 445
4795, 1299, 1957
123, 2000, 846
1005, 65, 512
2437, 80, 445
2539, 431, 507
233, 279, 691
1150, 146, 3671
503, 3503, 3208
1210, 311, 2425
552, 957, 176
612, 146, 2716
2047, 5611, 114
718, 180, 307
613, 2980, 897
338, 1136, 2
60, 146, 1992
348, 1195, 3895
640, 964, 234
2531, 2474, 852
586, 311, 1957
4978, 1592, 1026
234, 2784, 4000
2108, 3886, 98
234, 1666, 970
3469, 1707, 1784
429, 172, 32
131, 196, 566
1244, 907, 321
5627, 249, 3052
718, 328, 231
1310, 1128, 5306
132, 1957, 883
1194, 525, 797
5332, 453, 388
1101, 931, 4959
59, 2334, 2512
5635, 5366, 5634
2976, 2495, 4430
4254, 2543, 1753
283, 93, 180
80, 147, 4
56, 3860, 943
140, 119, 198
1024, 2557, 1542
274, 1765, 4259
3759, 76, 3881
4244, 2390, 429
947, 1739, 388
2579, 452, 201
2640, 2069, 3548
20, 183, 206
448, 4941, 98
404, 21, 1243
1182, 4796, 11
137, 1449, 1601
3210, 9, 919
521, 19, 2173
672, 662, 29
382, 3094, 126
1405, 1243, 628
192, 172, 338
203, 122, 798
330, 1184, 220
263, 5647, 1306
2987, 126, 1295
429, 199, 3702
1019, 172, 93
5650, 67, 2440
3169, 1017, 1058
2531, 517, 22
4577, 3273, 2433
0, 651, 4817
3434, 158, 981
138, 6, 151
566, 80, 220
444, 230, 2270
623, 1762, 1745
1524, 767, 326
1021, 854, 180
151, 850, 59
5608, 3137, 4795
1609, 2440, 34
262, 198, 69
715, 1779, 399
2089, 267, 2448
2093, 24, 117
452, 158, 388
915, 138, 263
835, 5657, 297
1563, 1583, 74
2767, 214, 689
1261, 274, 101
80, 221, 1393
4746, 221, 80
1356, 1150, 1524
4063, 2333, 9
97, 155, 749
2235, 3645, 5503
80, 2191, 252
360, 879, 2229
756, 3319, 911
440, 663, 138
3439, 3900, 631
65, 422, 1187
1470, 1682, 5673
2357, 872, 2871
1467, 1950, 5675
2468, 311, 2524
2173, 322, 133
785, 37, 328
0, 511, 1981
2142, 287, 1867
195, 1711, 511
2132, 1195, 3594
4743, 881, 4225
3620, 1230, 798
23, 67, 1042
1148, 292, 2256
787, 1284, 2409
1026, 1510, 905
4439, 895, 5194
185, 94, 883
3279, 2437, 2589
1944, 703, 1327
370, 153, 1196
745, 1843, 2563
180, 4870, 1735
113, 274, 172
3320, 267, 61
761, 5562, 1240
2433, 475, 1019
1164, 275, 239
80, 698, 1309
545, 1720, 431
4762, 370, 331
1561, 703, 3004
1926, 1244, 301
370, 510, 2489
230, 2901, 668
619, 4296, 1110
871, 706, 3138
542, 640, 2756
78, 572, 157
1713, 4596, 649
4863, 850, 2488
230, 851, 112
43, 2759, 431
682, 102, 224
203, 972, 1960
219, 509, 663
3146, 3739, 1020
2088, 5700, 904
981, 99, 842
330, 323, 662
2016, 1557, 1213
146, 194, 118
5701, 5702, 3980
2983, 5703, 3513
104, 419, 619
263, 131, 4795
210, 4572, 111
30, 46, 231
1618, 1460, 263
850, 3403, 2215
661, 1321, 146
1059, 252, 175
749, 2519, 20
1990, 2033, 1910
221, 2437, 557
127, 499, 0
0, 1764, 180
131, 234, 10
131, 198, 348
593, 745, 768
80, 67, 4202
2308, 591, 1130
1152, 1201, 503
112, 5711, 298
1863, 0, 1394
1656, 417, 189
1059, 80, 1449
3220, 668, 423
1982, 3208, 3582
1117, 56, 753
2644, 80, 274
5712, 5347, 758
261, 2154, 1063
2231, 5570, 864
422, 1912, 2291
5714, 1411, 1463
234, 278, 168
1034, 767, 2124
570, 261, 2302
1759, 189, 324
35, 552, 48
3471, 1128, 283
1102, 1182, 5185
5582, 305, 2591
67, 1047, 1685
46, 5718, 80
1935, 912, 1019
666, 109, 977
1034, 245, 2082
1229, 926, 283
16, 3354, 1377
77, 1005, 118
525, 429, 4839
202, 510, 93
1311, 1193, 1139
0, 301, 109
3146, 178, 147
4729, 5182, 2029
3145, 2280, 683
133, 1019, 3544
2755, 2034, 1715
503, 718, 738
1449, 176, 1725
2360, 67, 417
429, 332, 283
12, 65, 80
741, 500, 5732
650, 80, 445
348, 1350, 523
1225, 2391, 2108
3209, 964, 72
989, 1369, 1509
12, 784, 5735
1377, 2076, 395
2018, 4493, 16
9, 702, 180
5738, 457, 1510
360, 24, 2548
4357, 4995, 1049
3503, 12, 16
3555, 512, 9
67, 251, 1138
235, 1785, 5600
11, 2280, 878
41, 46, 219
627, 30, 557
640, 3150, 5687
1784, 12, 6
5616, 3542, 2020
331, 518, 2092
2600, 4942, 147
2222, 1787, 380
2133, 323, 348
867, 35, 1919
3268, 317, 903
2719, 495, 503
214, 301, 183
5499, 2648, 5741
1654, 1434, 3994
3138, 48, 85
37, 957, 59
1761, 829, 789
636, 427, 591
3025, 230, 283
3462, 911, 282
74, 5023, 864
271, 67, 911
293, 724, 326
379, 995, 441
705, 326, 4125
1750, 2553, 9
547, 757, 173
4384, 330, 628
80, 67, 689
427, 96, 317
5004, 991, 976
542, 4598, 1745
2555, 1821, 476
828, 21, 1509
32, 1369, 979
5753, 5752, 2235
703, 30, 252
4000, 589, 96
987, 2218, 1666
219, 2502, 420
15, 117, 189
333, 2140, 4927
41, 2379, 4801
221, 663, 751
1941, 1144, 277
5757, 5758, 992
1177, 48, 767
1007, 1014, 2598
3408, 591, 265
640, 2732, 1952
3301, 5330, 2519
1535, 5760, 3399
640, 911, 2153
557, 935, 348
2730, 0, 945
1753, 36, 322
613, 490, 174
748, 219, 80
2275, 1999, 278
77, 154, 5610
1328, 1193, 1262
180, 39, 80
2132, 542, 517
1791, 1710, 1321
3246, 503, 77
1275, 236, 1066
4735, 1988, 190
89, 713, 968
2026, 4588, 5276
1664, 1756, 4694
515, 911, 252
2398, 1720, 464
1149, 177, 3723
769, 535, 1102
617, 1267, 130
1636, 1240, 252
80, 230, 96
330, 521, 265
1966, 37, 180
3210, 3734, 656
758, 2123, 431
138, 1928, 3207
2114, 1972, 1562
895, 31, 230
2553, 370, 4399
143, 911, 87
6, 1730, 541
5619, 1522, 4197
283, 1741, 487
298, 1337, 4658
3688, 1719, 80
1225, 4800, 1337
4071, 282, 303
408, 3422, 1561
761, 476, 18
517, 2727, 554
2268, 3131, 5772
1037, 1366, 98
541, 4400, 698
231, 3307, 251
30, 216, 581
45, 0, 9
2589, 1690, 2585
136, 5735, 2151
1948, 3224, 4890
1852, 1418, 1187
360, 419, 444
3244, 649, 0
15, 703, 263
2188, 445, 180
96, 422, 254
180, 66, 1027
431, 3671, 1177
2191, 5782, 290
3535, 417, 2610
1956, 9, 172
3688, 1280, 837
723, 1834, 510
214, 563, 175
36, 231, 1504
790, 263, 1411
361, 949, 1037
119, 958, 1659
3289, 746, 32
251, 151, 2376
557, 744, 1919
2550, 969, 230
12, 677, 194
65, 1059, 2275
1217, 826, 1602
230, 45, 2095
77, 1759, 804
397, 120, 712
3016, 2028, 160
1021, 268, 3145
172, 790, 3549
351, 3399, 190
6, 289, 2509
2089, 985, 72
219, 429, 445
717, 350, 3549
2942, 1748, 263
1750, 2918, 392
132, 146, 175
22, 141, 275
455, 382, 1505
1560, 5288, 3993
3942, 5809, 158
945, 2095, 1979
2573, 2159, 3311
67, 680, 330
236, 4615, 361
256, 802, 66
5310, 2085, 3116
592, 2866, 361
4897, 4229, 1055
3916, 1707, 2506
3210, 9, 268
200, 4049, 2172
2752, 146, 911
85, 5812, 4289
1700, 60, 981
348, 1130, 1042
3461, 10, 327
1280, 1724, 1847
3213, 235, 2564
1979, 283, 20
301, 1023, 183
1990, 4359, 559
1006, 1206, 360
553, 427, 676
510, 1019, 1522
3784, 201, 1634
5002, 1781, 1603
3009, 4216, 2241
24, 302, 721
2189, 9, 32
1877, 2306, 1063
138, 302, 1337
2646, 131, 352
573, 1304, 3356
696, 230, 179
5743, 5826, 1712
680, 36, 2842
223, 10, 3815
325, 1437, 1912
1482, 1600, 352
1659, 175, 417
664, 1710, 695
1173, 2088, 1348
2181, 940, 1162
3688, 3547, 146
541, 321, 189
445, 5610, 531
129, 24, 352
1195, 2965, 1110
3698, 181, 5315
542, 680, 122
1050, 3334, 553
102, 2186, 1753
468, 2555, 72
193, 3209, 3676
613, 2876, 673
1204, 168, 837
1225, 9, 872
221, 1583, 2280
98, 905, 171
289, 251, 200
2006, 595, 1019
136, 918, 404
991, 908, 5847
1966, 219, 205
558, 2355, 203
3225, 1169, 230
80, 34, 2195
0, 880, 2650
2222, 3137, 427
1947, 2161, 2969
293, 330, 685
298, 517, 11
768, 217, 145
251, 119, 56
1993, 656, 431
1148, 2618, 4683
970, 431, 2506
687, 1720, 292
327, 1253, 1488
852, 871, 61
678, 9, 499
813, 10, 67
65, 234, 1016
2537, 965, 1871
657, 400, 1784
3169, 81, 1019
836, 1883, 1171
686, 28, 2813
2263, 5754, 1127
1610, 445, 784
379, 38, 292
511, 406, 3419
2058, 285, 180
623, 192, 231
1208, 1510, 1370
586, 6, 2389
663, 2153, 3307
118, 1099, 223
206, 230, 2557
464, 953, 5859
3404, 230, 0
180, 1187, 662
1545, 113, 2525
262, 216, 293
1470, 459, 404
3804, 777, 613
1027, 282, 78
581, 298, 67
2584, 18, 3758
307, 45, 1523
760, 1977, 160
2204, 2179, 2261
503, 230, 105
2767, 2275, 2927
3189, 124, 431
662, 67, 1058
320, 2336, 628
448, 3255, 2318
5024, 221, 2598
32, 1687, 3308
220, 160, 230
360, 121, 234
3004, 1940, 426
2969, 296, 2529
3139, 684, 970
5868, 1277, 3752
362, 54, 2369
1138, 67, 179
850, 151, 2306
611, 388, 934
177, 2564, 1952
1012, 1323, 1936
0, 5403, 528
263, 322, 126
5871, 1939, 5870
5289, 145, 67
761, 46, 3404
183, 4435, 35
2131, 1191, 1467
862, 758, 3073
422, 5150, 142
768, 322, 640
3904, 348, 4038
5688, 910, 1323
1729, 2829, 479
35, 675, 9
67, 723, 3279
26, 37, 4130
668, 2056, 553
850, 503, 2306
2655, 3895, 228
1252, 1962, 1181
230, 254, 20
10, 160, 573
1332, 656, 1912
2140, 4708, 3881
252, 2483, 652
543, 1507, 3608
1244, 427, 3263
4889, 480, 2134
1181, 2321, 5877
681, 5878, 107
3580, 2383, 2172
468, 423, 291
180, 31, 80
3453, 30, 1019
3293, 2437, 1018
613, 4296, 3653
504, 4495, 5006
7, 4984, 1833
3708, 2355, 151
704, 5026, 2570
38, 4277, 2953
1997, 945, 1005
353, 36, 769
2569, 4668, 122
4921, 45, 326
0, 2613, 157
557, 682, 708
5887, 158, 740
4439, 5735, 681
426, 3542, 1383
883, 2173, 444
2437, 206, 87
872, 329, 689
113, 289, 5888
905, 787, 660
5297, 2118, 2815
729, 965, 4780
1704, 286, 1133
427, 2559, 231
145, 9, 112
4925, 695, 2579
80, 395, 956
445, 510, 2173
515, 2235, 63
117, 1649, 1940
39, 858, 4152
22, 1543, 12
147, 1270, 1275
3294, 216, 451
34, 154, 761
1952, 2159, 252
2186, 29, 4186
2726, 66, 1147
27, 72, 190
1210, 97, 80
35, 80, 2535
2197, 3246, 636
2784, 431, 352
850, 1791, 862
1023, 1022, 552
481, 846, 671
0, 851, 320
2400, 3684, 510
1712, 151, 1194
2600, 662, 234
5902, 110, 197
1176, 808, 1017
1674, 140, 38
586, 20, 5905
4632, 2973, 5801
100, 3551, 4961
4602, 5907, 278
188, 767, 283
1193, 1887, 2631
6, 487, 1557
2003, 814, 429
2132, 78, 2059
982, 3307, 416
330, 645, 521
4225, 172, 1068
40, 2241, 1605
559, 2748, 1247
2775, 16, 3173
4439, 1579, 131
21, 612, 1761
67, 186, 293
662, 133, 4293
904, 292, 5271
1955, 12, 283
5200, 2528, 5103
0, 254, 1237
1447, 442, 1093
553, 1062, 541
945, 216, 221
3208, 509, 663
267, 1268, 1373
1017, 54, 1988
21, 42, 972
570, 987, 2195
837, 3279, 416
245, 640, 2918
740, 1896, 188
4782, 1688, 2942
126, 2919, 1143
326, 2069, 668
1482, 4412, 4908
626, 794, 2195
1841, 1736, 464
2717, 133, 361
1868, 180, 194
440, 1912, 108
1643, 1524, 4242
5923, 198, 2932
849, 592, 278
523, 542, 92
595, 1165, 417
3236, 2340, 668
1107, 411, 811
30, 323, 332
808, 1065, 263
1678, 1337, 4718
17, 1655, 5927
67, 3988, 2040
254, 605, 589
230, 2089, 992
6, 2120, 230
305, 131, 293
656, 1972, 624
2082, 1966, 112
1050, 2455, 3073
545, 586, 93
361, 3163, 488
2135, 768, 4890
80, 118, 226
745, 3933, 2124
1056, 2755, 271
698, 612, 120
808, 442, 420
1583, 3147, 2525
1080, 5769, 21
3694, 3813, 1756
95, 4056, 663
2543, 301, 483
4469, 93, 31
1411, 320, 928
3771, 5938, 1605
3092, 5019, 2600
1422, 4642, 1625
2752, 234, 1054
282, 291, 1966
1193, 2008, 811
2162, 392, 901
3575, 5042, 92
2911, 2639, 2132
18, 236, 80
1964, 1555, 2509
1981, 2096, 2266
67, 245, 183
221, 617, 429
66, 2446, 92
873, 1969, 254
3229, 380, 298
0, 80, 180
490, 5944, 861
4034, 3423, 16
1729, 3985, 2133
1981, 138, 970
321, 3464, 140
67, 2224, 3410
1568, 166, 1177
681, 326, 189
2853, 979, 976
1545, 1755, 1981
88, 98, 3215
1362, 1430, 926
767, 1679, 193
2597, 254, 3330
170, 11, 3148
977, 3092, 626
2575, 69, 230
1981, 2089, 9
236, 59, 1871
1056, 814, 595
1293, 930, 128
367, 2773, 867
5564, 176, 4768
279, 65, 595
5951, 294, 2469
2534, 286, 326
704, 2318, 170
1090, 933, 5503
2268, 911, 510
969, 543, 274
2076, 2773, 1400
1871, 666, 42
453, 194, 3268
1293, 112, 75
5044, 1967, 1655
521, 66, 2694
1863, 382, 1842
46, 219, 3267
236, 1229, 2186
842, 3163, 107
851, 267, 1570
231, 16, 1062
254, 245, 206
293, 3233, 3614
1019, 480, 323
203, 225, 453
4356, 4882, 2159
141, 330, 131
1070, 424, 2988
512, 829, 448
813, 1811, 617
67, 966, 155
2047, 581, 263
223, 431, 1911
5655, 3219, 348
170, 996, 32
277, 317, 689
4783, 3401, 2045
3139, 625, 4135
119, 5958, 1194
459, 4535, 205
685, 180, 2437
2124, 2231, 3611
4946, 315, 2548
34, 944, 96
2034, 423, 445
3268, 4265, 4000
829, 1572, 230
247, 321, 1871
1765, 1194, 829
5160, 677, 675
597, 1947, 2497
5963, 1877, 1743
181, 392, 2186
1922, 790, 677
3827, 542, 80
461, 1256, 4765
617, 2509, 1735
813, 662, 389
3621, 187, 287
85, 640, 1026
269, 74, 2129
1935, 1005, 254
2169, 3461, 740
252, 80, 9
1202, 167, 627
970, 2094, 5965
1231, 5966, 2606
388, 1939, 3895
283, 92, 3282
660, 674, 2807
98, 651, 126
4889, 4725, 2494
3584, 18, 80
263, 396, 13
99, 80, 146
871, 77, 5970
2488, 657, 874
172, 3255, 254
767, 1564, 1430
2956, 65, 2553
2340, 2153, 2550
2093, 2, 1056
5043, 2263, 1160
2288, 1657, 440
230, 2440, 1148
2093, 392, 1048
37, 155, 69
814, 57, 593
146, 662, 281
4096, 2177, 663
1654, 230, 572
4801, 2156, 963
1563, 3718, 5977
3042, 112, 75
34, 2186, 445
405, 2184, 1025
661, 194, 885
1162, 739, 74
324, 1440, 4368
307, 2235, 2837
1723, 1981, 806
4035, 1177, 511
3830, 290, 275
2731, 2727, 553
767, 1933, 829
323, 510, 923
2132, 942, 263
75, 336, 1350
529, 4431, 10
19, 106, 807
301, 1794, 302
80, 683, 445
79, 656, 529
3303, 498, 3636
1583, 228, 542
604, 112, 165
322, 311, 1098
263, 5259, 1079
2305, 857, 829
146, 67, 123
109, 1720, 145
12, 630, 542
415, 1750, 1981
3282, 969, 656
4421, 969, 180
0, 1019, 254
160, 1981, 993
427, 275, 110
760, 69, 2844
682, 2762, 230
234, 236, 515
513, 127, 612
1887, 1113, 814
2048, 983, 974
1636, 3815, 2705
2555, 3440, 3273
322, 2724, 58
567, 3495, 713
625, 202, 22
4479, 488, 4404
529, 33, 461
1021, 2290, 2393
1979, 849, 431
791, 1204, 81
234, 262, 423
650, 980, 67
761, 668, 757
867, 1881, 228
1899, 1204, 382
847, 1712, 348
429, 431, 1321
40, 851, 46
676, 934, 2509
2280, 979, 230
1784, 515, 640
5993, 2864, 861
67, 7, 3563
3589, 1631, 1428
176, 229, 4026
1530, 77, 2193
464, 283, 452
67, 464, 282
154, 228, 322
11, 464, 837
190, 189, 11
338, 488, 649
2519, 883, 3085
1027, 2208, 2642
249, 1561, 33
572, 435, 684
1940, 2919, 4341
5765, 5994, 251
762, 3887, 1565
180, 4886, 445
2459, 1034, 6002
42, 263, 1449
271, 5707, 1007
343, 93, 180
2088, 668, 2173
1563, 3575, 348
445, 382, 4223
427, 2622, 131
305, 4611, 5177
67, 2395, 24
422, 986, 1019
85, 3016, 790
623, 4682, 603
3871, 64, 293
182, 30, 667
4513, 236, 1893
863, 2960, 30
263, 1535, 78
986, 92, 1240
39, 380, 5449
5088, 192, 3989
267, 2033, 2446
274, 673, 424
1867, 307, 3734
69, 11, 307
1698, 591, 2186
9, 612, 247
1803, 617, 14
2154, 850, 283
857, 1730, 510
67, 61, 230
3859, 2529, 1695
2022, 3754, 1960
263, 1018, 684
80, 322, 442
2168, 224, 96
959, 105, 1059
674, 738, 1252
1923, 344, 3303
1109, 931, 1096
1648, 1430, 703
756, 2898, 2553
2153, 220, 443
2960, 2961, 5164
769, 21, 2241
2252, 45, 3802
2135, 817, 41
1026, 1151, 126
978, 175, 2383
0, 445, 122
511, 230, 431
2942, 6016, 2584
703, 4274, 2727
322, 1650, 112
589, 6, 3895
1130, 771, 4000
552, 431, 301
1085, 1971, 349
1160, 330, 651
7, 322, 2224
1910, 6017, 2548
3886, 16, 431
1971, 957, 1282
1732, 6018, 960
574, 180, 2702
75, 4002, 663
2454, 929, 4025
4800, 150, 1196
19, 66, 611
317, 11, 431
117, 2306, 3798
660, 1952, 1166
13, 460, 37
252, 3734, 2553
226, 3440, 1199
867, 3919, 56
1711, 286, 6021
174, 177, 283
77, 1068, 1098
989, 326, 2756
1659, 38, 293
668, 33, 595
326, 2154, 21
3008, 5644, 1654
85, 234, 16
2151, 1426, 229
2173, 963, 1463
206, 919, 9
950, 3081, 415
459, 844, 180
2554, 69, 4783
3564, 564, 3679
960, 2225, 479
234, 1359, 2552
847, 1268, 190
285, 851, 557
281, 193, 557
5136, 4681, 5360
447, 6023, 880
24, 656, 4287
1488, 5801, 1615
194, 1244, 4216
140, 132, 251
3298, 1725, 4946
99, 1950, 2124
19, 819, 45
30, 554, 3267
458, 442, 1836
2534, 2595, 1952
423, 3970, 236
4708, 1784, 6027
57, 2177, 804
970, 2961, 170
2838, 5890, 159
1515, 1204, 108
2, 1062, 3385
1650, 104, 0
104, 562, 904
370, 445, 2149
105, 3973, 45
873, 28, 476
1076, 283, 2727
243, 2248, 238
3475, 4318, 5094
1618, 176, 4213
440, 112, 476
2095, 445, 45
3716, 1275, 1369
640, 146, 517
712, 427, 656
2225, 429, 146
689, 466, 2316
746, 3920, 2173
75, 4438, 127
3224, 328, 6032
4623, 5564, 5228
593, 4397, 1098
785, 411, 1832
5436, 39, 180
146, 3089, 422
1702, 27, 151
217, 181, 689
1523, 67, 715
1165, 507, 236
6013, 663, 1207
2411, 106, 1501
704, 101, 1225
4343, 30, 424
591, 40, 3081
617, 4320, 138
19, 518, 919
4807, 1219, 5313
2135, 977, 445
90, 65, 446
1067, 192, 1912
431, 445, 353
2146, 698, 271
74, 1928, 1056
3066, 2306, 4092
203, 278, 353
1059, 5324, 183
327, 663, 388
99, 1896, 931
338, 1649, 2186
3138, 236, 1794
353, 198, 38
112, 802, 895
553, 4441, 550
1329, 4615, 2177
92, 172, 1264
4000, 872, 1011
4531, 3100, 2917
147, 2623, 510
226, 2437, 250
3763, 278, 1707
365, 195, 92
180, 1128, 80
67, 769, 429
1864, 729, 435
160, 431, 976
5596, 1513, 1405
126, 745, 1068
2417, 3737, 164
870, 2162, 1417
1167, 317, 3999
146, 3467, 4588
113, 80, 60
829, 1957, 1923
6050, 874, 3520
2752, 230, 389
67, 3714, 880
1963, 339, 1500
6052, 4292, 1195
883, 27, 945
18, 4239, 802
27, 118, 59
2745, 254, 6054
2647, 1320, 32
1605, 1186, 572
844, 1896, 2440
435, 3442, 811
323, 181, 301
1244, 4094, 417
1910, 554, 96
680, 511, 2379
326, 1293, 472
99, 3069, 6056
1533, 350, 750
5559, 1107, 464
3826, 32, 1977
126, 75, 543
281, 985, 4150
1019, 1187, 1952
203, 3737, 617
980, 2993, 176
513, 695, 291
1682, 4798, 628
523, 3267, 2391
40, 768, 883
1719, 3535, 3145
1939, 100, 2047
180, 980, 2190
2231, 1441, 612
2725, 3143, 1843
198, 2871, 1152
2263, 872, 3786
9, 183, 382
1865, 19, 3216
6061, 3420, 4686
980, 1066, 897
680, 1105, 118
691, 847, 3580
2432, 4708, 3401
61, 1180, 3254
1730, 1927, 676
1735, 3760, 675
915, 567, 1844
1678, 4249, 1708
2424, 2091, 4579
1005, 109, 6062
1005, 2483, 1062
1914, 480, 553
274, 479, 613
2237, 67, 2124
93, 431, 292
330, 1738, 613
1275, 12, 1056
1719, 6002, 4954
74, 245, 531
2204, 1193, 909
1181, 767, 7
2261, 429, 960
429, 283, 189
3264, 2140, 2067
521, 3663, 1016
1507, 4048, 2282
234, 1990, 1544
663, 1067, 651
4312, 388, 452
326, 2527, 118
132, 518, 5375
275, 691, 631
110, 2448, 809
1136, 429, 1008
3522, 228, 326
328, 2332, 662
206, 667, 963
6067, 5610, 981
993, 957, 4521
67, 851, 1017
1063, 1966, 2492
707, 98, 2119
271, 1966, 80
60, 445, 326
304, 2646, 1521
322, 1112, 77
1225, 128, 1157
6068, 230, 298
118, 19, 1027
1990, 336, 906
761, 4737, 1328
140, 1086, 5403
851, 0, 13
266, 20, 6069
445, 31, 6071
1730, 107, 1744
1778, 592, 256
2159, 133, 293
675, 1761, 1738
168, 1448, 1761
105, 28, 11
57, 76, 2273
628, 111, 6074
712, 2224, 180
6075, 118, 1057
221, 286, 1063
245, 510, 404
2186, 2153, 3641
2573, 74, 1769
847, 904, 2173
1769, 2506, 2577
18, 75, 488
275, 122, 468
3240, 680, 3073
298, 2596, 4142
678, 586, 860
503, 27, 302
2399, 1652, 3524
11, 104, 677
3580, 231, 6077
43, 2280, 689
78, 263, 190
110, 185, 871
9, 1422, 1729
1332, 172, 883
2062, 682, 2140
1729, 1666, 1033
609, 649, 1068
131, 676, 672
121, 3150, 96
2433, 2190, 236
2735, 541, 2201
1643, 180, 98
4954, 529, 5721
1768, 2746, 2548
1059, 175, 3688
2620, 3142, 1760
2524, 27, 675
3471, 2730, 5509
291, 550, 230
976, 1955, 1616
4293, 1732, 3461
850, 6, 154
85, 4446, 6084
10, 227, 289
2235, 995, 1964
2248, 2417, 217
234, 1957, 2003
858, 473, 555
0, 1229, 118
525, 1889, 6087
1392, 294, 187
4479, 2187, 178
767, 404, 650
1268, 39, 2
230, 2134, 236
435, 301, 4120
3127, 40, 80
2960, 228, 80
1388, 360, 9
3464, 4901, 5022
883, 24, 221
1759, 72, 67
562, 1969, 1563
1961, 283, 6091
93, 769, 464
104, 1, 93
864, 581, 1377
321, 1523, 3025
1912, 676, 429
883, 2036, 1345
3598, 855, 458
3566, 137, 1753
10, 133, 46
2148, 353, 2727
0, 2815, 1032
437, 4751, 126
67, 2060, 160
429, 2746, 395
9, 1761, 1736
1312, 2246, 2014
867, 4264, 80
92, 2422, 5362
5384, 683, 3734
5083, 3730, 4345
444, 3648, 816
993, 34, 2091
445, 60, 92
821, 5993, 382
404, 1067, 790
2306, 429, 22
327, 806, 732
251, 9, 669
120, 90, 370
267, 3745, 1770
371, 32, 1756
3440, 67, 323
1912, 1244, 756
6097, 420, 1743
105, 140, 1056
4607, 1047, 2224
444, 2555, 113
667, 9, 202
292, 912, 200
6099, 2433, 3555
3277, 182, 1927
2552, 2130, 118
1243, 173, 2154
72, 263, 1271
1939, 1293, 159
2546, 318, 1122
311, 704, 2139
3094, 378, 2097
1586, 3255, 640
5712, 5759, 1738
1966, 71, 2421
279, 1019, 179
3347, 72, 1035
110, 157, 322
649, 100, 2247
3213, 3596, 1708
15, 177, 154
771, 814, 769
3051, 1574, 230
326, 80, 46
180, 431, 69
1342, 601, 2277
847, 11, 87
3734, 271, 22
529, 3695, 3916
3813, 30, 348
319, 170, 837
2509, 850, 851
3169, 1112, 649
283, 147, 3506
236, 965, 2727
837, 445, 657
3246, 1275, 146
1070, 458, 57
229, 1966, 6105
681, 185, 1077
3222, 969, 38
2035, 2053, 0
2318, 164, 3475
1702, 389, 78
117, 2878, 1562
6106, 2468, 5346
1059, 1062, 128
2069, 369, 1843
370, 1272, 553
1526, 650, 1360
120, 3686, 4667
431, 6107, 487
1027, 521, 1851
911, 435, 85
177, 66, 2095
282, 541, 44
3584, 5886, 2365
216, 2744, 3090
5578, 4708, 1173
188, 267, 5782
2348, 230, 2448
1370, 2469, 2176
4682, 743, 2300
2395, 1294, 703
999, 80, 313
1306, 1659, 110
4632, 1922, 883
2153, 872, 147
424, 797, 521
1600, 1373, 4044
3090, 850, 2306
75, 2864, 3941
2225, 662, 205
844, 845, 326
21, 80, 1014
2189, 3292, 6109
3920, 1978, 429
117, 445, 2129
222, 6110, 1610
395, 6111, 1062
27, 3146, 131
2544, 4763, 6044
869, 446, 301
3714, 16, 268
251, 2352, 1177
1501, 271, 687
3652, 228, 175
1501, 2006, 128
67, 1162, 2062
4521, 4502, 1255
63, 12, 1195
810, 5941, 424
322, 63, 424
1645, 2018, 2189
221, 15, 186
510, 0, 3070
553, 404, 67
6116, 245, 230
289, 2161, 230
279, 122, 744
194, 1467, 623
2866, 48, 1056
1935, 3542, 2082
281, 662, 228
950, 2891, 3538
2209, 1050, 112
65, 703, 453
1422, 307, 274
6, 7, 445
1033, 3626, 3354
19, 80, 907
1012, 815, 4280
1358, 3041, 2825
217, 689, 109
1382, 510, 10
1337, 1059, 275
2727, 854, 2182
293, 33, 326
2225, 388, 3251
1767, 76, 33
72, 929, 80
4400, 1770, 735
2379, 228, 668
435, 2283, 399
2795, 424, 458
230, 1130, 254
372, 428, 19
262, 2241, 238
230, 227, 873
2365, 926, 5710
1225, 399, 1367
3020, 1020, 227
640, 1244, 9
1019, 325, 1981
180, 1132, 1893
452, 322, 2998
345, 783, 266
283, 3542, 829
1184, 1225, 1618
2223, 3244, 2755
980, 230, 1700
48, 4463, 330
929, 1653, 6037
80, 1463, 883
263, 867, 112
944, 32, 1294
5006, 9, 325
703, 63, 75
2743, 2, 651
996, 99, 609
768, 989, 2025
793, 552, 311
808, 1542, 108
298, 104, 3304
3730, 236, 2462
893, 32, 160
27, 338, 11
6064, 3902, 464
3356, 58, 57
1881, 2210, 417
2014, 326, 2071
429, 2645, 2267
461, 75, 118
3763, 4318, 3518
180, 4002, 2280
1609, 2291, 67
495, 1019, 1759
1998, 279, 2192
100, 118, 1498
904, 1659, 2055
2969, 3600, 1449
1771, 2306, 9
1042, 3257, 1388
4430, 1736, 1570
273, 452, 4812
65, 3230, 875
1019, 640, 0
832, 936, 5121
1380, 905, 854
2750, 519, 687
557, 292, 972
330, 32, 684
26, 541, 283
5873, 423, 502
360, 858, 2509
2011, 423, 3968
957, 2095, 140
2191, 293, 360
445, 302, 251
1400, 1868, 2236
740, 256, 1847
37, 2782, 431
696, 353, 229
656, 1523, 38
58, 392, 850
1966, 603, 278
230, 196, 1764
6132, 1572, 326
325, 4766, 1866
3498, 3224, 431
93, 3021, 1128
832, 438, 155
4000, 1966, 189
1220, 768, 2133
1294, 2024, 1460
118, 230, 423
427, 332, 649
2555, 612, 292
855, 234, 2549
2256, 510, 67
557, 178, 120
758, 2918, 415
4517, 980, 415
132, 2197, 736
2314, 2208, 5717
330, 718, 2379
65, 1973, 254
863, 717, 1921
80, 649, 1883
4042, 767, 2417
2089, 10, 312
253, 671, 36
1165, 3257, 898
1912, 378, 9
487, 0, 69
509, 75, 108
178, 1321, 1871
521, 440, 1389
435, 1921, 2228
2225, 2541, 221
5699, 155, 912
100, 140, 1426
2204, 2014, 122
2175, 147, 3887
1337, 1437, 2569
1881, 4916, 427
230, 819, 934
423, 36, 480
123, 429, 120
38, 2953, 1171
1815, 2574, 661
5375, 510, 1736
631, 2131, 2732
510, 511, 234
61, 2093, 4171
640, 6141, 99
279, 9, 4063
1210, 689, 12
1659, 494, 20
213, 2124, 4933
1693, 231, 1278
2767, 80, 970
317, 92, 2712
330, 4032, 100
67, 640, 591
3002, 2469, 724
3181, 1485, 1120
4364, 790, 138
6, 794, 515
4151, 229, 1404
2275, 3970, 510
3092, 4199, 61
67, 80, 160
98, 1162, 9
2096, 704, 1660
117, 756, 431
561, 286, 5535
944, 19, 761
904, 2480, 567
118, 33, 298
80, 100, 9
4058, 2400, 2228
855, 22, 706
34, 1054, 1605
3691, 494, 1542
3020, 3021, 675
3127, 4206, 3247
1730, 5444, 905
898, 1535, 1252
12, 192, 2421
476, 110, 2782
19, 126, 239
543, 459, 3700
3201, 230, 1225
499, 989, 254
3094, 183, 2229
28, 281, 628
981, 575, 109
180, 933, 2132
6145, 768, 5495
682, 850, 676
151, 77, 1759
1826, 2437, 965
3916, 1602, 6146
424, 6085, 77
388, 883, 6147
6149, 328, 3030
2529, 1598, 1210
744, 1327, 203
5264, 3455, 2557
785, 3399, 170
869, 1959, 67
27, 431, 192
850, 144, 521
989, 93, 124
675, 797, 850
542, 814, 3467
832, 1059, 4325
725, 851, 2727
1244, 6, 96
180, 873, 6153
348, 1553, 762
2055, 965, 2524
932, 404, 4383
283, 662, 2225
1184, 2537, 404
6157, 1993, 6
2145, 234, 2938
3831, 613, 57
2379, 2778, 92
287, 984, 1018
200, 873, 541
370, 816, 1765
3611, 69, 3306
67, 656, 911
189, 313, 15
266, 392, 382
67, 80, 1056
119, 851, 322
3301, 220, 1243
415, 46, 510
327, 785, 563
118, 388, 196
262, 19, 1172
1225, 2003, 2013
1556, 931, 9
36, 301, 3678
59, 85, 81
1756, 80, 176
101, 649, 24
3230, 1007, 6160
2663, 3008, 3692
214, 59, 35
1059, 1535, 3282
6161, 543, 67
461, 2304, 24
109, 326, 2222
912, 388, 2363
2383, 3562, 677
80, 7, 586
6162, 1557, 1040
404, 5083, 897
75, 900, 131
4, 768, 552
3689, 90, 229
3886, 1936, 80
2524, 767, 2306
2190, 191, 883
321, 209, 216
190, 1685, 4002
1664, 118, 1940
668, 1952, 2953
370, 164, 448
662, 487, 707
429, 6165, 118
905, 282, 213
118, 112, 744
5289, 860, 895
1770, 808, 5613
4341, 3436, 904
321, 1919, 989
1019, 3617, 127
293, 76, 1057
395, 1377, 2777
104, 3663, 1195
561, 0, 3651
178, 2727, 105
321, 289, 1000
903, 511, 254
230, 854, 911
1510, 445, 4042
180, 459, 109
649, 3169, 75
1672, 3745, 1226
180, 652, 4231
807, 110, 1306
117, 665, 2474
19, 708, 3165
2864, 814, 1402
2181, 3436, 1952
101, 3052, 1057
963, 282, 933
2025, 321, 1901
2268, 253, 2649
675, 137, 112
2334, 984, 2131
5101, 1077, 911
348, 67, 2528
591, 785, 1756
553, 6038, 836
323, 784, 1345
80, 542, 982
4837, 828, 740
854, 9, 873
2384, 2214, 327
718, 330, 19
1059, 326, 5
67, 427, 1161
2159, 2154, 311
2872, 126, 92
228, 9, 282
1834, 1896, 38
957, 322, 487
980, 293, 761
230, 2140, 360
16, 1794, 81
75, 2872, 807
665, 2509, 30
252, 151, 872
698, 251, 2268
1952, 396, 420
1210, 1759, 0
106, 4143, 2282
1601, 1244, 498
703, 1229, 1906
321, 46, 131
249, 419, 2735
438, 515, 80
689, 4412, 10
65, 382, 0
3739, 1089, 2555
166, 117, 2918
1700, 5247, 131
28, 74, 198
893, 138, 969
448, 3464, 852
160, 65, 200
2428, 840, 206
665, 75, 74
3443, 3090, 141
926, 2056, 656
3452, 676, 5177
18, 157, 445
3138, 1912, 1417
3872, 581, 727
899, 689, 553
835, 640, 404
628, 230, 2001
2154, 3617, 5050
176, 3918, 59
872, 3455, 4455
2191, 19, 2009
1963, 1660, 1150
216, 96, 6177
67, 2184, 6178
105, 1881, 10
814, 573, 0
557, 230, 499
613, 78, 850
595, 2623, 3294
1550, 1412, 2363
2064, 448, 5486
4132, 353, 85
379, 155, 431
180, 3755, 6154
80, 180, 0
453, 933, 1419
145, 236, 127
431, 1699, 995
2766, 4738, 2732
4005, 2379, 905
6103, 634, 658
295, 3660, 85
1091, 63, 703
0, 180, 1467
404, 1268, 6
57, 613, 659
275, 2093, 80
440, 853, 155
157, 445, 180
1408, 768, 161
382, 96, 557
440, 369, 1388
704, 529, 791
3494, 4221, 350
2391, 2189, 1225
221, 517, 118
521, 1068, 278
1023, 561, 2117
1719, 999, 460
1561, 1630, 1129
230, 326, 7
510, 1997, 1368
4778, 1583, 251
1535, 1966, 842
1306, 263, 2176
2623, 234, 325
161, 307, 1181
75, 2953, 1583
2937, 5273, 676
332, 5776, 327
429, 3121, 2597
3255, 4656, 4668
2048, 263, 1501
307, 429, 2134
2743, 130, 3719
32, 2139, 541
769, 1171, 523
494, 66, 1679
4852, 278, 926
21, 3771, 80
1208, 729, 132
190, 68, 2270
495, 4060, 54
32, 2142, 586
41, 98, 398
72, 2072, 349
1678, 294, 267
254, 3277, 194
617, 328, 963
704, 19, 516
589, 1603, 1388
5136, 1666, 167
1014, 46, 66
5627, 619, 21
563, 96, 192
9, 1910, 2090
1268, 4104, 2076
1664, 521, 24
161, 458, 663
66, 267, 7
1345, 3702, 1162
858, 1268, 1280
3214, 263, 665
182, 230, 1952
906, 1752, 1436
5145, 1729, 959
1095, 3125, 394
30, 326, 217
2637, 9, 65
1769, 873, 900
435, 4143, 1098
311, 831, 169
1217, 2275, 3467
552, 1023, 2735
136, 1136, 109
77, 1070, 69
200, 142, 262
4537, 2399, 1058
227, 30, 61
417, 1979, 5159
6184, 5280, 6120
521, 185, 566
1523, 1707, 735
231, 60, 5566
11, 966, 61
271, 1187, 431
2769, 3327, 4803
3580, 649, 250
267, 203, 213
3798, 93, 183
662, 2173, 327
932, 3829, 768
33, 4795, 29
3921, 151, 2589
216, 1928, 6186
147, 305, 117
235, 677, 490
857, 366, 1225
2585, 1394, 2005
1019, 2719, 515
929, 279, 83
20, 67, 678
712, 36, 743
1400, 1501, 392
1778, 2231, 85
6129, 767, 1941
2151, 662, 98
1794, 2152, 6187
5211, 972, 2483
883, 440, 80
6188, 2119, 1526
1176, 1454, 541
1232, 521, 72
65, 217, 3788
5778, 292, 2124
427, 275, 230
189, 761, 21
0, 3716, 1059
2020, 1059, 1947
945, 37, 671
230, 1452, 494
112, 683, 444
2854, 144, 2040
298, 662, 3025
2153, 1994, 517
67, 277, 61
1615, 1955, 3762
2016, 263, 1685
67, 234, 286
595, 623, 680
16, 5340, 1609
852, 6191, 6192
2248, 2280, 806
594, 2306, 80
230, 6193, 198
4318, 397, 20
851, 38, 1360
9, 12, 2089
406, 176, 6194
3066, 3246, 621
900, 9, 80
1732, 1690, 388
1041, 1056, 67
445, 1130, 712
2268, 869, 236
67, 3121, 2093
2191, 2124, 4313
1243, 2379, 2755
2025, 5176, 4633
214, 231, 2282
1444, 957, 3410
2727, 30, 904
679, 1750, 2953
404, 338, 67
1309, 36, 756
1941, 370, 188
221, 452, 67
427, 271, 231
46, 761, 1750
4861, 2073, 2288
81, 883, 126
2571, 712, 279
905, 117, 1272
30, 1448, 252
1334, 132, 559
2040, 2240, 100
2088, 71, 66
230, 16, 252
30, 235, 1452
76, 769, 3229
112, 2204, 80
108, 2142, 3214
710, 2363, 209
6010, 4284, 2579
12, 80, 77
4155, 2752, 1826
1477, 1081, 115
1070, 322, 704
21, 6202, 761
175, 67, 950
429, 513, 662
77, 317, 444
5044, 180, 45
3309, 804, 58
136, 92, 2813
547, 1321, 703
4318, 5840, 223
3614, 235, 2496
2093, 3585, 30
66, 6, 117
2334, 431, 1062
849, 72, 6203
651, 685, 4687
6205, 1702, 2901
2546, 74, 415
67, 429, 1454
1225, 1194, 2053
525, 453, 34
789, 80, 662
3683, 215, 3359
1136, 3144, 1177
216, 0, 568
909, 3134, 3255
969, 767, 42
1244, 2885, 1058
543, 33, 628
20, 511, 4095
6207, 563, 302
1206, 2089, 552
1648, 1939, 4343
1289, 278, 2190
293, 216, 525
837, 933, 3072
19, 480, 829
5350, 2554, 2455
6210, 2412, 969
3580, 6212, 862
230, 14, 9
144, 253, 21
112, 239, 1628
1941, 4343, 1629
1744, 960, 1019
1068, 680, 7
2379, 16, 4407
7, 37, 1966
1243, 3599, 444
3058, 4906, 10
1007, 557, 11
135, 2383, 1523
438, 2782, 503
160, 2202, 631
659, 595, 39
503, 789, 176
570, 435, 12
3656, 850, 4121
1881, 1966, 130
1016, 649, 1841
703, 2069, 883
929, 2589, 166
1166, 6217, 737
1916, 464, 160
72, 1590, 1542
295, 1548, 5858
424, 1428, 1643
67, 3601, 80
118, 431, 1705
1719, 1049, 440
2332, 915, 27
554, 145, 230
761, 6, 85
170, 978, 1596
445, 640, 805
898, 2993, 960
371, 2203, 108
5790, 3227, 3287
4216, 2407, 6218
431, 651, 100
6219, 230, 1197
11, 591, 131
188, 5859, 499
1128, 330, 231
99, 6220, 554
293, 181, 2248
330, 2306, 1306
2633, 118, 1098
1549, 427, 991
184, 199, 1781
751, 348, 2282
293, 325, 3532
214, 4130, 330
6223, 4930, 991
3900, 48, 6
1252, 1513, 5128
970, 1162, 921
6224, 754, 3139
283, 2840, 65
2725, 4082, 30
249, 75, 2696
911, 151, 2256
305, 109, 553
146, 2767, 678
547, 107, 130
7, 173, 254
2390, 1688, 1603
3326, 350, 1518
127, 227, 39
1501, 21, 3223
43, 220, 230
966, 663, 933
5583, 4805, 4682
1210, 67, 1698
712, 3248, 234
987, 131, 195
445, 1952, 3147
541, 4908, 905
1063, 3718, 427
118, 382, 2758
611, 293, 65
960, 1566, 445
2562, 126, 253
6226, 5050, 2173
950, 2254, 2257
3471, 214, 16
860, 221, 1165
2489, 509, 1896
1607, 10, 1524
227, 3915, 382
189, 686, 1392
292, 348, 187
3277, 1184, 1065
3763, 330, 3255
330, 151, 118
932, 292, 561
855, 5899, 729
5941, 1064, 1504
515, 2241, 501
212, 3943, 2745
521, 3422, 680
424, 93, 227
516, 3304, 326
80, 1306, 807
981, 1784, 995
281, 155, 542
521, 883, 2746
593, 370, 2291
2187, 910, 627
2042, 453, 1028
2527, 876, 1659
2172, 458, 878
1921, 1941, 3278
511, 3238, 762
247, 0, 68
671, 1791, 6234
226, 7, 1725
910, 101, 1417
1019, 1666, 1210
2998, 263, 104
1443, 310, 2171
185, 9, 21
990, 905, 67
1896, 957, 126
2145, 74, 95
677, 22, 3081
1195, 3872, 1204
1729, 4, 312
972, 2130, 1332
34, 2427, 667
676, 3585, 2377
1505, 867, 136
1964, 536, 978
717, 762, 188
293, 628, 326
67, 120, 2390
893, 479, 799
283, 2730, 2184
910, 2187, 2433
790, 1294, 2549
2186, 9, 178
677, 187, 703
926, 18, 1456
2136, 2093, 2732
557, 3003, 847
283, 108, 855
67, 660, 2123
253, 2353, 1014
1710, 1605, 5748
893, 1602, 189
3519, 2318, 2411
431, 2437, 468
2003, 664, 0
76, 807, 1724
1306, 613, 3011
510, 2759, 271
5090, 4494, 3915
619, 1068, 3066
6238, 6014, 557
184, 126, 65
1093, 1605, 837
231, 80, 263
16, 1966, 974
3648, 2209, 2942
6, 657, 1149
1615, 431, 198
518, 2726, 216
3306, 1784, 1695
2597, 1063, 278
1736, 67, 2755
388, 3142, 907
67, 593, 510
844, 1017, 1056
214, 2393, 66
2190, 180, 2541
1584, 1636, 4151
41, 247, 117
230, 1952, 30
513, 541, 4525
6240, 1794, 5005
452, 1440, 85
1417, 1195, 852
1336, 1265, 3822
784, 382, 871
110, 1036, 282
417, 3238, 230
2270, 6016, 666
525, 553, 1687
2530, 31, 672
427, 3353, 251
851, 59, 1729
512, 81, 1268
718, 2071, 1761
2108, 1063, 2904
197, 3070, 118
6175, 4941, 358
2840, 3564, 250
9, 1010, 2245
3480, 718, 2260
136, 656, 2752
763, 372, 1836
172, 1723, 2076
666, 236, 480
1784, 510, 230
1005, 3813, 323
388, 759, 1565
3600, 820, 3089
132, 424, 230
230, 553, 977
298, 1746, 392
761, 247, 1974
6243, 2042, 2969
941, 1090, 2684
234, 59, 323
2334, 3356, 1666
872, 1098, 460
1309, 360, 3213
541, 2553, 87
1019, 4951, 254
919, 2425, 1952
3443, 239, 714
80, 1449, 2153
4306, 3552, 3017
3544, 2524, 5004
3172, 1469, 572
842, 230, 2828
666, 459, 5503
151, 3220, 715
1901, 1723, 112
614, 136, 2664
172, 592, 1173
2577, 911, 959
755, 215, 3214
559, 172, 6
67, 1050, 80
746, 488, 325
640, 9, 1165
4653, 3888, 533
662, 80, 906
323, 822, 510
858, 3415, 419
431, 2097, 3227
1756, 883, 2446
434, 2761, 185
640, 4430, 2344
990, 3438, 353
6249, 2735, 5763
2553, 4744, 3025
675, 38, 323
65, 119, 27
109, 1070, 2186
724, 2422, 1062
80, 1659, 216
1941, 372, 2143
2249, 995, 109
2308, 663, 703
2212, 168, 2822
65, 10, 980
2898, 1375, 6218
189, 423, 1019
1306, 883, 36
234, 7, 460
317, 254, 118
2190, 1015, 696
1871, 2524, 388
122, 404, 326
24, 1899, 1467
6252, 4904, 2370
987, 860, 353
151, 72, 2472
146, 120, 2275
127, 431, 220
3796, 1162, 4293
718, 397, 35
7, 6149, 2139
1349, 3330, 576
111, 9, 155
4130, 1732, 4236
92, 1391, 768
179, 451, 112
5492, 1841, 1215
1368, 3555, 3303
6107, 452, 7
553, 3833, 3608
24, 77, 19
67, 10, 858
2088, 93, 3075
904, 1944, 1964
2855, 3400, 1952
5635, 277, 2369
114, 2047, 66
90, 442, 322
3971, 219, 230
2480, 1370, 2773
1829, 2165, 969
1863, 170, 307
1328, 2489, 75
452, 32, 422
1952, 2159, 254
67, 325, 66
132, 61, 348
2550, 541, 3020
1220, 3647, 1941
275, 18, 872
230, 630, 1348
4388, 1176, 892
2469, 2326, 489
1391, 6256, 989
1110, 3299, 2045
252, 323, 850
427, 19, 321
301, 327, 3219
1059, 2161, 929
2406, 3044, 4520
434, 4430, 4254
180, 2409, 1944
1941, 1467, 2469
767, 768, 764
1019, 993, 1806
206, 850, 4250
1992, 3219, 4365
3257, 878, 680
1275, 286, 718
132, 254, 760
187, 3403, 80
4953, 5610, 19
1099, 22, 735
1871, 12, 6260
879, 1791, 593
2386, 911, 80
1175, 703, 2358
2451, 3499, 1504
7, 2769, 1400
1705, 682, 4686
1102, 34, 811
1291, 1494, 1236
114, 22, 9
185, 612, 392
3025, 3772, 613
10, 3298, 1102
3356, 1268, 1438
4712, 572, 1160
1054, 404, 422
4404, 118, 1610
1271, 1619, 4253
46, 9, 230
67, 445, 1944
3464, 3886, 170
431, 37, 762
852, 59, 180
147, 216, 38
3410, 206, 33
2235, 338, 4045
75, 3268, 640
2088, 67, 9
1085, 883, 326
1994, 680, 9
3090, 317, 4617
6009, 230, 2584
586, 10, 230
1752, 3077, 2827
182, 593, 3068
104, 112, 80
60, 2998, 39
230, 74, 100
1017, 1977, 7
89, 293, 1128
517, 996, 760
2306, 4358, 118
586, 128, 905
3503, 65, 509
4, 4875, 2134
2084, 3150, 1024
427, 245, 184
461, 972, 979
4576, 929, 110
254, 1024, 301
4608, 189, 155
858, 1583, 1059
173, 312, 510
3208, 503, 591
3883, 18, 57
236, 543, 1857
1454, 394, 38
4540, 293, 479
559, 323, 704
1498, 3887, 840
274, 423, 977
517, 1306, 77
1312, 408, 7
317, 424, 185
2391, 464, 32
3290, 330, 305
216, 263, 388
117, 1424, 4433
16, 619, 878
521, 65, 80
75, 4811, 1062
396, 326, 330
883, 586, 2200
5612, 22, 2265
448, 21, 4093
689, 541, 382
80, 2181, 214
2212, 24, 1062
1463, 503, 867
24, 1247, 819
3142, 172, 2329
293, 684, 557
951, 2119, 755
6270, 1016, 1910
19, 2550, 113
32, 850, 286
604, 6272, 960
310, 1008, 873
3255, 2743, 889
1881, 327, 65
427, 872, 2511
1059, 572, 1944
912, 1881, 360
160, 0, 67
2335, 6214, 249
75, 3798, 503
3294, 180, 1187
704, 3005, 4099
1636, 6273, 3691
290, 182, 67
790, 98, 2998
912, 2314, 1059
109, 216, 790
1756, 1961, 460
109, 2591, 2767
75, 1929, 769
230, 43, 873
225, 325, 652
277, 911, 531
2388, 2175, 2204
99, 71, 2002
1184, 317, 3073
5156, 223, 1928
991, 4765, 3459
48, 3356, 3081
740, 3640, 1065
2235, 80, 2144
2766, 721, 3527
764, 6276, 1990
1664, 239, 1628
6277, 5492, 4943
23, 2755, 688
829, 2827, 2399
1054, 980, 6278
468, 567, 4201
2413, 3794, 3016
706, 30, 789
132, 2228, 2448
1614, 3372, 1377
41, 651, 4005
2708, 2950, 32
1974, 76, 370
194, 568, 271
109, 65, 252
6, 1952, 4399
953, 203, 1794
871, 471, 435
6281, 5897, 6280
983, 2394, 627
510, 1841, 989
2209, 226, 106
1014, 2140, 30
67, 1705, 221
118, 593, 541
76, 4332, 992
4391, 179, 559
769, 1162, 2089
794, 1463, 1360
1050, 746, 2143
3051, 4245, 3769
268, 1614, 494
3970, 443, 2154
907, 729, 69
1019, 230, 1701
293, 615, 392
1952, 557, 178
5255, 4856, 767
67, 313, 19
1957, 2047, 4580
6282, 11, 448
117, 703, 185
2806, 3127, 4356
761, 67, 1771
256, 5116, 669
37, 3410, 221
1018, 2008, 2154
1059, 267, 1618
1739, 1746, 269
274, 535, 2280
2318, 873, 292
3761, 1764, 847
321, 703, 131
46, 855, 1036
1215, 137, 1879
416, 2143, 1952
11, 3592, 915
2824, 1601, 95
2719, 3638, 4981
230, 2056, 445
953, 2644, 5615
1952, 230, 847
332, 2144, 3849
1755, 912, 624
382, 3137, 348
864, 3125, 6286
873, 287, 2268
521, 117, 2730
1724, 75, 658
66, 1059, 502
6, 320, 183
1883, 1953, 986
2318, 7, 141
196, 1712, 216
530, 452, 2282
4941, 252, 2759
4274, 1523, 118
3210, 112, 703
1105, 16, 769
4594, 168, 292
92, 117, 541
1565, 267, 1037
5027, 660, 444
1015, 5093, 873
133, 2088, 6289
1400, 3035, 442
289, 1896, 1739
227, 933, 631
2071, 5390, 668
1957, 515, 553
3412, 155, 1956
1966, 1369, 461
12, 703, 216
980, 479, 619
165, 542, 448
883, 19, 39
4326, 2134, 2623
669, 989, 147
829, 445, 1186
2232, 2456, 476
3118, 2071, 6238
2093, 404, 120
929, 1449, 128
3042, 989, 1383
20, 883, 2446
326, 322, 984
65, 77, 67
229, 234, 1112
1195, 504, 2509
382, 75, 460
1955, 1509, 665
174, 290, 1583
883, 1081, 108
604, 1449, 966
234, 444, 119
767, 320, 448
3090, 3738, 3080
1759, 7, 5
5403, 748, 3483
1977, 2480, 3421
33, 96, 2506
953, 322, 6290
214, 458, 12
2077, 1640, 2730
126, 1337, 1098
6, 5669, 2411
464, 2377, 118
133, 953, 80
2543, 2069, 630
13, 860, 2627
2069, 301, 6292
326, 1912, 213
630, 11, 989
1791, 660, 36
1017, 254, 949
3883, 4940, 4326
95, 5351, 86
453, 444, 883
112, 460, 784
2231, 230, 67
112, 703, 392
137, 5004, 444
932, 836, 190
42, 3066, 23
80, 166, 66
93, 311, 113
5181, 640, 3294
563, 19, 192
189, 67, 1107
549, 5743, 851
220, 1770, 2336
883, 1967, 4943
1867, 444, 266
2344, 65, 366
80, 283, 755
445, 180, 515
170, 972, 285
458, 947, 2352
286, 279, 118
1510, 1999, 2143
92, 460, 640
839, 1956, 3347
283, 1119, 24
617, 174, 658
1286, 72, 5591
683, 40, 889
2158, 1209, 570
146, 220, 667
6301, 3090, 992
107, 136, 122
118, 33, 209
503, 330, 104
1482, 92, 768
11, 321, 1799
692, 2688, 5770
326, 75, 640
468, 2555, 287
4345, 525, 814
1720, 645, 676
2124, 2473, 1739
27, 2793, 2591
67, 155, 956
2318, 1079, 2022
4254, 90, 451
581, 1965, 42
6303, 666, 814
108, 858, 2190
1102, 445, 46
80, 126, 256
5537, 389, 18
12, 553, 543
963, 1059, 1047
668, 254, 2557
46, 4413, 293
271, 718, 2333
328, 1707, 95
137, 80, 1720
978, 2133, 1765
4654, 279, 4573
146, 2132, 445
883, 92, 452
15, 360, 131
3273, 2072, 2398
981, 2053, 480
612, 4028, 3066
3146, 2694, 487
1417, 322, 978
963, 2181, 3496
1019, 989, 1992
100, 4326, 1151
361, 1518, 2325
445, 16, 1759
966, 67, 883
2248, 631, 22
122, 2134, 67
2340, 3483, 2218
912, 332, 252
67, 1019, 480
5386, 32, 703
326, 100, 180
581, 555, 448
2071, 180, 69
515, 2132, 404
3561, 288, 4125
2393, 3168, 2204
369, 3961, 2842
2998, 451, 2735
858, 1887, 54
657, 464, 175
2275, 449, 1173
301, 553, 445
15, 3277, 351
1032, 510, 108
175, 2172, 3818
271, 944, 683
563, 2727, 301
612, 871, 382
154, 118, 2539
703, 1211, 996
1724, 7, 586
445, 541, 80
230, 45, 37
5280, 2039, 33
2035, 1571, 1622
1956, 1765, 1176
118, 748, 448
1769, 2164, 868
916, 239, 3169
1628, 936, 2440
1771, 112, 92
76, 612, 851
4545, 3937, 2808
269, 3561, 92
442, 160, 268
2263, 5819, 944
3601, 1176, 1957
3519, 245, 1725
11, 628, 30
2400, 448, 1191
1306, 5433, 3139
950, 932, 1685
11, 499, 142
1523, 2069, 1272
675, 1746, 13
445, 230, 133
151, 361, 360
750, 477, 210
1957, 2732, 71
445, 1955, 980
518, 2084, 1181
320, 503, 459
203, 228, 3380
192, 912, 727
1799, 637, 298
1742, 67, 36
1966, 3208, 69
2161, 3853, 2077
445, 80, 93
6316, 4795, 1187
823, 2348, 3422
1669, 2235, 553
1019, 445, 1860
362, 888, 2348
811, 871, 2913
160, 131, 511
2446, 1340, 267
72, 1422, 251
1464, 1593, 3633
3249, 279, 5180
32, 2140, 3518
879, 86, 1797
2117, 274, 1403
461, 2782, 83
98, 2986, 1966
292, 630, 1294
664, 230, 1019
934, 1925, 4606
127, 906, 1574
298, 3, 65
2028, 3060, 761
847, 900, 13
21, 67, 1523
30, 247, 360
4492, 1293, 2497
3069, 414, 1165
80, 515, 20
2290, 382, 126
189, 30, 703
511, 119, 230
2161, 80, 234
326, 298, 619
557, 278, 213
185, 829, 66
3806, 5864, 2092
972, 323, 1403
962, 6154, 33
75, 3871, 322
991, 826, 80
461, 88, 938
4036, 6322, 6323
4631, 4345, 182
452, 488, 706
3334, 5165, 2266
3430, 6324, 1614
98, 2119, 502
75, 5873, 1659
6223, 170, 511
228, 3073, 5361
352, 350, 695
2745, 67, 1292
2233, 2140, 2136
2140, 188, 2078
118, 933, 5429
453, 530, 97
301, 989, 178
5556, 781, 5190
1019, 1132, 2204
2506, 847, 3798
370, 155, 444
679, 112, 1756
3064, 553, 301
5042, 101, 80
617, 93, 1966
160, 71, 251
553, 2209, 1966
982, 2413, 67
1549, 3886, 3519
2826, 22, 2226
4881, 967, 2469
1046, 827, 4735
33, 188, 1966
656, 230, 19
837, 1370, 326
2290, 721, 102
22, 46, 2190
2265, 54, 452
291, 659, 69
1649, 4739, 1059
2327, 283, 4711
1753, 219, 981
67, 280, 330
180, 510, 2034
572, 972, 703
230, 392, 2730
3404, 850, 503
681, 557, 217
3470, 476, 2417
3679, 452, 353
2398, 2280, 38
2085, 146, 2535
521, 311, 871
80, 118, 7
180, 915, 1204
461, 564, 251
3941, 166, 4845
1123, 2730, 67
809, 24, 322
1105, 275, 5688
1271, 267, 3804
230, 851, 301
577, 1369, 552
3555, 6190, 649
6, 983, 313
1628, 755, 1196
2440, 137, 2291
67, 3255, 4409
189, 3887, 1966
143, 348, 6049
4080, 2509, 1016
307, 1956, 6
239, 331, 1080
322, 871, 16
746, 66, 360
23, 265, 1966
72, 186, 112
80, 2626, 1695
4658, 5264, 6331
445, 658, 1970
445, 2137, 640
231, 98, 66
3911, 322, 6
4452, 388, 11
3118, 11, 109
2311, 883, 1697
348, 3257, 2280
2241, 74, 415
617, 11, 76
2565, 5104, 769
4476, 2320, 135
330, 581, 301
2335, 1659, 950
92, 619, 1912
63, 118, 81
2924, 957, 388
3031, 3462, 695
883, 3116, 135
322, 453, 112
254, 37, 445
995, 768, 1545
464, 253, 3775
2241, 35, 133
327, 20, 250
897, 80, 448
1605, 2529, 140
704, 2204, 576
1743, 878, 3418
2217, 858, 2172
2469, 4854, 412
119, 298, 2123
687, 828, 464
77, 1618, 459
1794, 4925, 283
687, 227, 1045
323, 2332, 2282
561, 99, 4
480, 2132, 589
1410, 249, 2299
543, 76, 1720
3386, 2546, 3244
872, 220, 229
2550, 2159, 464
989, 976, 1707
1883, 324, 957
239, 1910, 978
2162, 93, 320
192, 321, 4590
4408, 4409, 1059
65, 382, 826
203, 1791, 22
388, 113, 382
858, 160, 282
595, 136, 1120
118, 5927, 388
286, 18, 689
4783, 472, 1576
1210, 1050, 404
301, 330, 2646
1356, 5083, 1129
1710, 301, 231
2142, 131, 949
1725, 2813, 77
80, 2225, 6
1417, 3891, 2393
3556, 459, 2759
65, 744, 1059
1412, 120, 2642
2095, 899, 468
2181, 89, 2555
3326, 3671, 1299
526, 560, 4092
322, 1741, 118
100, 69, 79
3090, 747, 1705
870, 981, 216
2379, 39, 718
502, 2025, 2159
1098, 92, 118
133, 1011, 2623
615, 129, 109
854, 1952, 67
11, 328, 1366
903, 685, 160
2154, 735, 706
230, 234, 2140
1045, 321, 288
254, 1791, 452
445, 1098, 2746
956, 3452, 1655
1567, 2144, 676
147, 230, 4356
92, 196, 76
1653, 1628, 3098
1522, 5010, 5734
829, 46, 274
153, 2, 67
1275, 746, 225
392, 878, 842
5583, 283, 72
703, 3201, 216
67, 19, 2782
1997, 669, 22
329, 65, 30
1369, 2681, 1350
2006, 126, 1449
4133, 3403, 2542
1609, 3798, 461
864, 761, 981
1926, 46, 172
30, 74, 2225
1981, 981, 4335
2265, 1304, 2133
3136, 4822, 1348
2229, 2577, 348
4, 180, 108
1794, 1921, 46
228, 5473, 231
287, 213, 2646
1059, 5492, 1215
4243, 267, 445
628, 18, 3484
1019, 2047, 1380
369, 3169, 3695
1925, 230, 2509
669, 2212, 4399
851, 180, 2280
3542, 20, 1725
6339, 2109, 609
3080, 525, 196
553, 2214, 1463
266, 717, 398
1015, 282, 2204
1925, 267, 1020
328, 677, 964
360, 6340, 160
3535, 120, 180
223, 225, 330
46, 828, 2162
521, 452, 120
4659, 2564, 1793
2291, 80, 155
883, 1660, 3695
78, 80, 67
382, 302, 2901
2076, 278, 448
586, 794, 5936
921, 2745, 29
311, 2256, 71
75, 67, 383
2377, 5446, 292
290, 619, 275
512, 962, 11
4508, 105, 1187
461, 216, 1062
230, 1165, 2437
1413, 321, 2212
460, 470, 77
932, 1181, 2235
228, 112, 33
4154, 45, 320
5363, 3670, 2320
555, 837, 2424
572, 2057, 445
541, 1056, 80
1705, 266, 3614
4117, 141, 182
915, 3225, 1791
106, 64, 141
1278, 1269, 324
245, 1148, 510
2782, 37, 382
406, 814, 2088
511, 2318, 858
154, 36, 912
1610, 458, 1141
30, 98, 67
189, 321, 533
108, 230, 640
45, 2265, 857
332, 321, 305
1449, 3802, 2088
3059, 995, 3724
382, 80, 77
2145, 2074, 923
6344, 993, 3354
327, 151, 275
640, 2014, 445
275, 398, 32
1598, 192, 18
1978, 2406, 65
731, 915, 445
3150, 1083, 979
146, 1180, 1730
1049, 517, 463
1961, 286, 93
3081, 76, 66
3146, 1685, 360
2186, 668, 1750
3299, 1085, 4571
3671, 1181, 1475
1367, 321, 234
521, 1098, 678
322, 1650, 683
2332, 4892, 3593
178, 36, 3073
30, 198, 275
2161, 1988, 278
178, 245, 758
2455, 1964, 3009
3755, 1759, 541
867, 2588, 837
21, 151, 857
6347, 6346, 3137
1978, 291, 906
2998, 1463, 2090
521, 1098, 398
3144, 3425, 1978
20, 1659, 1062
4504, 1340, 1348
1750, 2557, 22
1712, 182, 310
2350, 2306, 27
675, 231, 75
543, 85, 298
24, 979, 19
30, 867, 1793
5090, 5239, 6349
923, 5785, 452
231, 6350, 230
798, 5071, 5296
538, 2074, 5575
122, 172, 769
151, 1522, 198
11, 20, 34
280, 3737, 189
1524, 4151, 6351
2623, 301, 676
118, 789, 188
2732, 160, 230
4740, 3620, 3299
3410, 216, 883
298, 530, 299
7, 20, 703
65, 789, 689
215, 4214, 5775
283, 14, 1176
1482, 1039, 1542
3093, 553, 67
676, 183, 611
3532, 133, 3721
275, 69, 180
5757, 2053, 6352
298, 1966, 649
2727, 1952, 269
228, 289, 140
1741, 503, 151
2152, 11, 129
990, 106, 1019
679, 1791, 1723
840, 233, 2864
851, 301, 761
6336, 541, 307
6084, 67, 1636
292, 2509, 2275
645, 2864, 2969
957, 1707, 77
31, 187, 2132
205, 4256, 187
875, 6358, 2306
65, 488, 907
1019, 230, 87
1059, 117, 649
322, 2930, 3526
417, 3257, 1028
67, 2119, 6359
307, 2745, 1393
476, 4356, 5252
310, 3503, 112
1928, 945, 768
473, 3406, 4237
254, 230, 4298
2161, 360, 2076
1956, 138, 227
509, 819, 464
186, 808, 3718
175, 4864, 452
1467, 903, 768
1725, 180, 1089
464, 453, 883
761, 327, 196
640, 127, 541
983, 80, 267
3542, 552, 251
445, 155, 1992
230, 2690, 1017
18, 3399, 180
1911, 66, 464
2056, 872, 230
1469, 5722, 6287
66, 112, 2135
180, 630, 416
175, 301, 2840
630, 2082, 686
4264, 13, 1704
503, 3150, 160
460, 3216, 875
445, 1750, 3368
829, 298, 989
912, 67, 498
31, 3413, 1041
2055, 146, 67
1112, 3835, 1204
231, 2336, 2651
957, 1961, 322
3907, 1023, 1849
221, 1956, 3399
185, 11, 119
3515, 119, 15
885, 298, 1707
1744, 282, 3544
2960, 1289, 220
5607, 2826, 5664
2411, 177, 501
234, 178, 15
985, 117, 67
717, 30, 96
460, 3165, 1306
3147, 65, 1016
2033, 1033, 1182
5130, 159, 4694
1019, 510, 979
2149, 519, 223
250, 382, 660
2189, 3066, 3328
470, 716, 288
293, 178, 118
67, 767, 160
2555, 989, 1759
1975, 6205, 510
3219, 1971, 2398
3399, 4361, 2399
557, 445, 3794
4000, 2589, 966
547, 216, 1439
510, 903, 541
2190, 45, 1063
1650, 1195, 2218
66, 498, 19
2103, 3580, 4768
388, 251, 266
1957, 6362, 113
3717, 1956, 2228
905, 649, 180
4000, 2571, 92
28, 166, 85
67, 230, 1275
4674, 131, 511
69, 318, 695
708, 32, 1610
819, 1791, 2169
5502, 174, 3708
2398, 4342, 322
322, 233, 459
2721, 6363, 2398
1705, 4358, 266
112, 521, 75
807, 461, 613
1997, 2143, 415
6364, 614, 6365
6336, 741, 1272
957, 804, 2204
445, 1195, 2124
2318, 16, 171
271, 108, 586
2334, 488, 944
1633, 623, 46
1762, 850, 717
63, 957, 495
108, 570, 1725
4513, 445, 121
2542, 35, 245
80, 66, 322
118, 348, 317
45, 11, 330
349, 4574, 4467
5526, 903, 445
192, 669, 718
1171, 502, 76
980, 2555, 3333
69, 328, 216
80, 1952, 282
2282, 190, 1643
352, 185, 77
883, 382, 118
612, 126, 489
1463, 1019, 172
829, 501, 510
1290, 624, 38
817, 804, 188
189, 510, 445
36, 310, 2735
511, 2222, 4047
311, 6, 219
126, 75, 2493
666, 667, 2134
4356, 992, 293
6, 4573, 141
353, 6367, 2342
576, 382, 200
1125, 12, 5195
1182, 19, 704
1912, 3487, 1095
30, 298, 5361
349, 121, 1501
20, 217, 146
4204, 703, 2519
136, 177, 298
21, 254, 2140
174, 931, 5466
80, 176, 203
976, 95, 6
5265, 2175, 649
279, 140, 994
1015, 499, 230
330, 3763, 618
277, 4441, 3197
933, 619, 904
5306, 285, 137
113, 1685, 3802
19, 863, 807
983, 1059, 2489
146, 277, 6096
274, 31, 858
4887, 2212, 6016
2318, 5950, 67
230, 735, 2959
2139, 611, 535
268, 15, 976
3157, 46, 16
2511, 268, 2172
960, 1332, 1467
2301, 2154, 631
268, 743, 65
915, 172, 461
112, 1193, 2076
712, 275, 131
283, 445, 80
75, 1974, 2204
857, 19, 2263
552, 4458, 93
416, 817, 1219
2473, 761, 984
2671, 1019, 666
714, 1761, 3328
230, 1210, 1162
3561, 275, 74
1019, 1952, 2069
499, 3018, 2085
327, 206, 220
3306, 5472, 4273
23, 511, 254
1610, 4284, 6371
176, 445, 933
2161, 929, 1059
5065, 330, 543
703, 936, 3142
2344, 4356, 2591
2389, 787, 413
15, 1465, 743
808, 3973, 2820
69, 37, 176
75, 521, 196
1495, 1969, 604
80, 66, 748
452, 703, 3356
1721, 128, 126
3647, 2455, 67
717, 216, 228
842, 640, 3764
21, 5206, 873
215, 112, 4268
2332, 2306, 718
100, 117, 569
703, 22, 3706
67, 326, 515
493, 206, 2273
2622, 98, 1023
2424, 979, 403
957, 98, 848
80, 586, 112
92, 2802, 266
2819, 3815, 3435
67, 1977, 41
80, 6354, 1829
16, 1693, 563
405, 71, 254
1698, 2754, 624
3169, 180, 1463
297, 117, 1759
656, 98, 305
3078, 6380, 904
1028, 2225, 559
2469, 64, 89
172, 117, 1510
1614, 1981, 1186
650, 67, 1454
1310, 2067, 906
3149, 1685, 344
151, 2268, 21
515, 1563, 213
4479, 35, 1493
2759, 703, 4115
5691, 16, 117
322, 1086, 1279
547, 1059, 2087
2348, 717, 2840
444, 1759, 2918
3090, 38, 19
123, 389, 2319
842, 498, 5756
34, 176, 65
4204, 108, 2487
1408, 6381, 1591
850, 1549, 311
1449, 1136, 649
448, 3886, 188
254, 563, 11
112, 16, 36
230, 214, 74
198, 640, 4960
360, 223, 878
864, 3230, 289
1091, 956, 1090
619, 4241, 2056
458, 2673, 3895
2055, 4610, 67
2745, 2248, 145
1498, 2596, 2062
510, 1019, 180
5226, 3078, 80
2939, 3590, 3813
3070, 2622, 1794
500, 3708, 5502
2161, 1136, 1614
3024, 4250, 132
1730, 11, 250
800, 3117, 27
4251, 2161, 445
1467, 2597, 137
80, 234, 301
1759, 581, 943
619, 2053, 1150
445, 323, 98
521, 38, 613
445, 6, 30
488, 1881, 330
617, 613, 254
1062, 5302, 112
120, 230, 146
226, 4847, 852
1368, 176, 18
247, 503, 912
78, 1541, 581
92, 3951, 20
93, 445, 1988
3507, 5106, 3399
1601, 382, 154
1187, 5761, 2126
612, 2942, 518
803, 2255, 840
704, 1017, 811
197, 4474, 2369
1888, 221, 1961
2428, 11, 612
214, 851, 98
2589, 3047, 2752
417, 144, 2468
461, 101, 493
301, 445, 250
2483, 2969, 2389
981, 189, 2252
326, 120, 348
677, 2696, 565
883, 75, 479
883, 2209, 75
1166, 3347, 2602
206, 442, 144
1649, 1570, 929
3157, 319, 883
11, 27, 192
3089, 2041, 382
6, 609, 330
443, 4892, 46
230, 38, 2557
2637, 740, 65
1173, 4404, 1657
753, 452, 1896
361, 11, 3156
1615, 2622, 98
370, 2095, 1712
190, 4658, 828
3708, 2248, 1175
3413, 1059, 2469
176, 67, 480
2728, 3230, 517
2428, 515, 118
3287, 1359, 32
1771, 6386, 278
1091, 166, 2
1019, 3300, 67
2435, 67, 1034
322, 388, 883
112, 870, 1280
1523, 704, 1542
321, 89, 502
572, 963, 6387
81, 6, 1360
5754, 2209, 2344
464, 1638, 216
665, 1383, 1337
3619, 400, 2446
934, 217, 1063
221, 69, 511
660, 112, 795
2489, 453, 108
118, 929, 1059
186, 5474, 1861
119, 230, 326
1600, 1571, 1501
1523, 479, 619
2212, 72, 75
703, 4347, 3488
6, 4756, 229
1610, 230, 541
541, 3745, 479
171, 3491, 360
172, 749, 113
2042, 373, 65
2622, 703, 37
1275, 586, 128
553, 2241, 2053
2224, 67, 1278
216, 141, 613
1479, 499, 1456
45, 192, 268
185, 597, 3038
222, 77, 460
151, 525, 857
92, 787, 404
3118, 828, 3254
666, 669, 2016
74, 553, 67
3813, 1961, 2678
2306, 239, 521
332, 305, 5483
3895, 1028, 2942
707, 4398, 245
708, 330, 348
503, 252, 65
94, 146, 1059
285, 703, 330
1966, 30, 23
2438, 521, 76
1370, 4341, 3794
1741, 19, 2446
3736, 291, 4615
464, 3802, 93
11, 5482, 1685
1877, 957, 883
847, 2524, 2268
2125, 791, 126
13, 33, 328
27, 98, 326
7, 413, 1019
3435, 3063, 3327
3491, 176, 2069
966, 20, 1628
214, 3236, 160
2077, 6392, 529
274, 2037, 1489
388, 767, 13
538, 445, 480
1099, 740, 723
850, 330, 1966
1759, 1050, 912
283, 217, 900
75, 649, 883
2186, 542, 769
452, 487, 21
147, 1871, 2161
445, 553, 234
283, 3764, 1956
2035, 6324, 410
2345, 2612, 453
2231, 2134, 1016
131, 487, 100
702, 275, 128
3604, 146, 817
96, 6, 92
98, 2042, 666
2306, 13, 186
1979, 311, 2265
1451, 703, 46
3275, 6297, 2403
567, 585, 301
2204, 176, 5777
182, 216, 6355
4, 89, 1720
729, 1369, 297
127, 619, 31
320, 656, 1148
1380, 767, 2006
897, 2134, 873
586, 445, 498
186, 382, 503
18, 3901, 22
98, 100, 406
518, 1059, 2
413, 645, 667
180, 301, 112
146, 767, 1019
175, 445, 630
1701, 2644, 3116
3090, 3246, 75
3010, 1659, 1457
283, 660, 326
2275, 397, 2108
650, 278, 274
146, 1755, 903
1756, 1988, 118
3469, 3403, 3470
804, 3169, 126
231, 95, 2570
370, 234, 350
3425, 131, 5699
1195, 382, 2644
175, 1583, 3508
2082, 1666, 2235
730, 219, 689
511, 553, 6394
1330, 1746, 758
1008, 220, 268
2517, 487, 864
1062, 75, 126
3089, 509, 452
99, 18, 74
219, 268, 65
98, 33, 2793
5619, 867, 1533
2318, 983, 292
2190, 631, 229
1589, 1013, 684
274, 76, 1974
67, 293, 912
63, 2256, 75
155, 136, 1059
198, 415, 283
906, 2570, 4018
1172, 100, 980
883, 113, 1507
77, 654, 16
3138, 988, 6301
3545, 155, 11
393, 77, 322
140, 2332, 111
1601, 1220, 1182
40, 510, 3116
2924, 75, 186
4913, 3375, 684
2068, 1640, 562
131, 172, 1019
897, 2025, 2539
6397, 7, 2089
2143, 640, 155
312, 6238, 19
1978, 220, 624
283, 883, 231
141, 6196, 214
1609, 963, 274
444, 93, 984
963, 4562, 488
541, 16, 3962
1053, 2124, 1021
521, 118, 110
586, 186, 221
37, 649, 404
5084, 3147, 4123
30, 756, 1966
75, 517, 1563
127, 290, 1748
2708, 6398, 1659
811, 445, 993
557, 681, 446
2552, 1745, 3092
1977, 5629, 2064
189, 6209, 293
293, 5741, 35
178, 3081, 594
3561, 23, 130
118, 3216, 503
161, 581, 929
66, 112, 732
1912, 517, 2019
275, 798, 2993
67, 3638, 80
80, 872, 931
851, 703, 557
112, 30, 67
104, 850, 444
517, 1062, 819
186, 2042, 74
3402, 4446, 883
2161, 5607, 2103
2616, 118, 74
180, 515, 2280
1840, 4031, 512
761, 2013, 864
221, 2306, 141
298, 19, 3871
6403, 2426, 360
145, 2546, 28
746, 519, 4992
1746, 119, 317
3829, 180, 703
5903, 1523, 45
864, 34, 80
317, 269, 4749
11, 511, 750
525, 36, 1821
3872, 63, 889
75, 322, 1312
488, 1062, 80
643, 330, 80
133, 1056, 541
1545, 2708, 215
989, 106, 5335
525, 214, 30
1449, 5471, 3736
1387, 216, 5377
960, 3679, 873
145, 2942, 254
2417, 645, 282
541, 7, 4399
160, 672, 254
19, 1457, 912
1896, 1050, 553
3052, 292, 2134
4540, 1294, 24
2333, 1956, 515
67, 1184, 883
2035, 301, 249
2792, 1648, 190
1035, 978, 230
34, 22, 5518
7, 323, 301
4845, 5180, 2469
933, 5259, 1560
33, 119, 330
676, 245, 146
416, 7, 1919
729, 744, 1098
1744, 388, 355
228, 138, 231
521, 1098, 77
72, 388, 2133
96, 2596, 563
656, 178, 617
326, 275, 16
1021, 621, 1463
382, 1583, 591
1326, 2299, 75
172, 221, 198
2368, 4031, 327
1750, 2344, 399
382, 502, 3330
230, 6404, 120
3423, 16, 2124
118, 957, 4216
3361, 3333, 960
2752, 78, 510
72, 3090, 503
4427, 4795, 388
20, 143, 3544
50, 4865, 1750
1217, 712, 791
275, 1092, 30
2224, 229, 5088
1650, 203, 2389
96, 597, 228
3971, 245, 1759
5006, 1382, 19
1981, 230, 36
541, 230, 323
677, 2616, 118
326, 476, 101
855, 3859, 6134
962, 1768, 1099
3024, 132, 172
291, 2224, 212
2752, 98, 22
40, 3764, 1730
307, 1062, 541
2235, 326, 80
2423, 6407, 3895
5114, 283, 220
5761, 929, 1348
166, 964, 860
317, 1746, 4514
1150, 989, 1090
18, 677, 122
1463, 1332, 1062
210, 292, 6408
1463, 187, 1467
3273, 1012, 1019
5316, 4866, 2552
1803, 2268, 144
268, 487, 353
589, 675, 3652
5390, 249, 1679
327, 769, 1329
903, 5090, 222
3325, 2134, 2399
1761, 511, 3023
581, 4216, 479
72, 311, 651
155, 1112, 203
1981, 283, 80
541, 2076, 3868
554, 119, 3974
267, 1695, 117
109, 883, 2840
233, 329, 282
254, 326, 172
964, 275, 189
3246, 252, 510
2591, 18, 541
2425, 76, 2126
6064, 45, 126
1098, 75, 112
708, 1742, 712
360, 683, 798
2176, 77, 404
330, 118, 216
804, 110, 749
977, 656, 1832
120, 15, 2755
2087, 1019, 230
1565, 31, 1811
6411, 689, 725
1195, 33, 521
708, 1501, 1583
1019, 75, 3121
6398, 4200, 18
80, 404, 1186
4569, 100, 1136
27, 4095, 118
80, 172, 19
1181, 3257, 2235
3920, 122, 643
762, 2969, 3059
2671, 1977, 75
2647, 2224, 1020
984, 5088, 516
370, 976, 513
322, 555, 809
2579, 3408, 695
1105, 43, 2151
292, 3886, 397
292, 1348, 152
31, 515, 676
708, 883, 803
955, 75, 654
122, 829, 1034
221, 521, 488
217, 3247, 31
675, 330, 695
20, 1744, 956
323, 33, 202
2294, 389, 628
74, 4846, 292
541, 511, 2225
2546, 1187, 5088
396, 867, 330
4216, 326, 1659
550, 2617, 1700
624, 4409, 16
4383, 3337, 2088
3197, 3329, 1494
45, 1321, 3883
1014, 275, 291
2606, 2519, 2708
2306, 43, 186
1877, 145, 2551
3274, 1864, 2942
79, 92, 1530
3966, 6128, 3802
147, 3527, 78
2007, 1669, 2
228, 964, 3290
3156, 2824, 74
388, 981, 1609
279, 2638, 224
254, 671, 1910
2426, 78, 1640
829, 4916, 768
249, 2719, 594
5631, 2666, 3090
2898, 3049, 380
2135, 992, 852
1098, 521, 2597
1332, 2334, 147
329, 230, 209
509, 1903, 118
3060, 72, 1600
75, 322, 1349
20, 4791, 1654
480, 568, 1978
1050, 2268, 2543
2149, 2016, 2
392, 119, 680
5545, 2093, 2650
40, 45, 2334
650, 559, 1510
77, 392, 4427
326, 4216, 100
4739, 2087, 3554
3727, 2103, 3802
34, 2460, 80
559, 41, 188
140, 1895, 1215
850, 1181, 2024
1054, 4659, 230
7, 3472, 3004
3081, 756, 38
30, 72, 404
1729, 521, 2303
126, 1062, 3043
786, 322, 611
74, 897, 415
19, 4057, 5231
2406, 307, 3721
3227, 2596, 2819
1360, 1177, 6
4293, 733, 21
170, 3939, 3047
2224, 819, 1110
404, 851, 1032
120, 2085, 2090
1521, 3361, 317
572, 479, 3653
380, 154, 1625
321, 388, 18
1518, 766, 2035
3175, 883, 2133
5973, 2222, 253
199, 1194, 228
4338, 108, 3413
2175, 19, 77
110, 748, 1098
4, 170, 168
1727, 568, 904
4216, 4860, 758
45, 374, 3668
871, 3593, 220
1544, 267, 4982
1469, 5913, 4841
4194, 4172, 631
984, 541, 74
77, 1657, 118
279, 1387, 4573
640, 1759, 80
404, 1892, 328
219, 46, 1014
3143, 131, 718
2582, 100, 18
919, 3080, 72
675, 1586, 147
551, 18, 983
1996, 78, 2135
36, 253, 3473
1723, 5502, 5704
1457, 4474, 77
854, 230, 718
313, 19, 96
322, 1536, 77
1062, 75, 398
3294, 3462, 2235
1056, 74, 2424
1412, 1162, 1988
5526, 1596, 92
2725, 6421, 891
2519, 2190, 487
267, 1533, 619
285, 2549, 18
18, 366, 1105
1881, 2, 1717
85, 80, 76
1180, 609, 2310
30, 230, 80
277, 1912, 80
77, 3812, 83
5805, 5835, 4937
217, 382, 230
3806, 947, 2119
327, 80, 221
1018, 4671, 2918
118, 1098, 111
330, 1128, 317
1999, 613, 75
3773, 417, 521
613, 476, 24
510, 122, 75
3943, 559, 24
128, 4795, 672
670, 230, 3081
117, 190, 2076
735, 636, 219
959, 1765, 1422
875, 3218, 3640
696, 413, 21
1359, 4287, 5303
5204, 4226, 37
205, 5097, 212
6425, 110, 409
283, 829, 2750
855, 254, 541
75, 6426, 480
46, 45, 92
1649, 126, 1617
3695, 883, 75
2884, 77, 2055
352, 2646, 1523
2745, 2732, 1057
3774, 2964, 675
1847, 1457, 1664
321, 2154, 1641
2754, 330, 2241
3722, 45, 809
392, 1017, 190
1997, 1123, 2340
293, 3467, 110
1138, 221, 155
494, 624, 3257
366, 213, 3332
382, 499, 1016
2042, 5022, 811
574, 1748, 3073
95, 112, 104
3997, 404, 541
156, 2105, 883
1750, 553, 3273
3294, 278, 3577
206, 1610, 4141
3759, 1764, 3502
176, 850, 80
1014, 1750, 177
88, 2261, 1634
225, 291, 1700
80, 3201, 503
326, 98, 330
883, 958, 874
2011, 2091, 274
619, 844, 1370
5390, 749, 933
3452, 1400, 758
5841, 281, 323
2426, 1628, 3725
553, 1400, 184
46, 146, 80
189, 682, 27
6089, 1705, 38
1596, 3855, 3074
37, 234, 3399
3270, 230, 2134
93, 3296, 903
293, 1165, 2320
379, 2095, 1888
883, 510, 92
981, 213, 180
1449, 2417, 2189
392, 254, 489
393, 1510, 94
493, 2326, 80
23, 6084, 2063
155, 3255, 320
130, 230, 612
1899, 1019, 640
2557, 2620, 3294
274, 3652, 903
117, 180, 805
2005, 204, 1707
5459, 3248, 2961
758, 370, 2549
504, 6239, 756
2277, 275, 109
5075, 330, 657
2151, 1369, 395
730, 206, 4806
170, 307, 631
98, 2708, 2069
247, 192, 252
5084, 2557, 5238
4283, 46, 3737
402, 80, 2241
411, 1377, 6428
370, 283, 515
2306, 3736, 3702
1369, 559, 1449
283, 4810, 271
2042, 4632, 6429
3835, 3276, 5678
388, 4, 404
541, 155, 3230
1542, 989, 80
3008, 316, 496
623, 5144, 3277
5, 4186, 234
989, 992, 1565
751, 579, 1926
555, 2489, 651
1383, 322, 393
2168, 2241, 1123
2088, 104, 180
613, 24, 3214
3007, 2843, 2417
130, 189, 30
43, 100, 323
329, 230, 844
206, 105, 273
1989, 106, 404
3964, 2133, 1887
851, 4028, 1122
293, 5569, 1062
4060, 506, 1988
326, 230, 283
850, 756, 119
112, 915, 155
2270, 980, 640
756, 122, 5917
2150, 80, 4795
305, 4080, 228
718, 1711, 230
791, 1193, 3496
595, 2280, 3244
2655, 2937, 2437
98, 1712, 80
145, 292, 102
186, 714, 104
2718, 4207, 934
311, 245, 1019
2093, 113, 118
3195, 3197, 1107
603, 5083, 281
80, 2469, 128
2334, 206, 172
2651, 6016, 4550
956, 3424, 305
127, 289, 1545
3600, 4024, 388
293, 3794, 688
2318, 492, 986
903, 229, 541
3798, 2069, 2256
2062, 292, 5382
5864, 40, 5884
417, 643, 6083
183, 1400, 38
176, 2756, 126
1166, 323, 2961
756, 4258, 118
221, 176, 511
186, 612, 502
3476, 80, 169
3187, 1918, 1988
221, 617, 2419
292, 1764, 557
842, 883, 404
28, 282, 112
278, 3201, 1756
951, 586, 213
24, 2622, 32
1165, 33, 1157
230, 2840, 93
330, 6434, 1700
32, 221, 675
192, 6435, 1369
900, 330, 689
1014, 230, 844
230, 3298, 1609
1832, 6386, 219
1725, 807, 957
206, 96, 214
3627, 1530, 107
310, 989, 33
2960, 591, 518
6, 1722, 176
5484, 5780, 130
1700, 4737, 822
140, 230, 96
370, 1725, 175
1467, 5390, 905
854, 277, 2039
2335, 166, 683
146, 2489, 5430
5430, 2597, 1054
323, 80, 883
1135, 502, 2280
221, 628, 286
2340, 2411, 399
3090, 140, 118
977, 99, 172
3085, 510, 2088
414, 5065, 992
4093, 118, 108
685, 143, 2085
5338, 214, 1693
216, 718, 131
250, 189, 2120
3970, 230, 1019
322, 1017, 883
1913, 2935, 4034
6414, 3496, 3490
6189, 1182, 3147
5114, 986, 1019
581, 231, 1181
3115, 753, 2833
109, 1013, 1022
646, 126, 6169
313, 1726, 2609
867, 105, 557
172, 680, 5711
99, 370, 2489
230, 2963, 531
2306, 521, 1756
2031, 626, 128
2052, 2756, 326
5006, 6390, 4561
140, 2892, 2111
1712, 2557, 112
984, 118, 229
32, 1128, 118
233, 4195, 230
328, 1172, 311
510, 146, 404
30, 404, 119
6439, 1904, 109
2273, 1063, 45
118, 1194, 5134
112, 146, 850
109, 983, 54
2118, 1896, 2089
2974, 6132, 321
581, 689, 45
133, 223, 328
591, 192, 6076
330, 118, 369
2338, 5561, 254
1602, 112, 92
6161, 5361, 1166
1063, 512, 3121
616, 2965, 4265
330, 216, 2591
332, 850, 5164
1451, 4316, 1543
287, 510, 123
956, 180, 4845
5502, 2072, 1918
5610, 2983, 569
100, 1177, 1912
230, 531, 1148
3532, 230, 555
250, 108, 46
118, 1467, 640
2871, 315, 227
118, 317, 789
279, 681, 146
542, 3244, 329
631, 160, 417
832, 399, 36
98, 4421, 5007
3504, 5909, 317
252, 250, 1712
33, 5777, 3394
3139, 286, 1853
1729, 32, 230
4, 4769, 2048
2352, 4674, 36
1220, 555, 768
552, 231, 225
591, 38, 43
330, 995, 1019
807, 37, 2887
321, 282, 234
379, 3118, 1168
1729, 657, 2524
2960, 905, 192
7, 844, 962
