8 51 120 169 215 323 341 346 358 505 654 672 713 733 765 770 776 860 890 892 894 895 912 954 973 1015 1062 1098 1131 1255 1307 1311 1318 1321 1324 1326 1363 1580 1596 1632 1654 1704 1740 1754 1760 1767 1772 1859 2006 2057 2135 2202 2297 2357 2388 2421 2423 
70 136 139 153 307 379 392 665 684 704 805 815 826 884 897 994 1006 1007 1036 1095 1097 1142 1200 1235 1278 1354 1355 1409 1419 1481 1577 1616 1718 1733 1770 1803 1804 1805 1806 1808 1809 1810 1811 1812 1814 1815 1816 1817 1818 1819 1820 1943 2129 2155 2228 2295 2334 2385 2692 2809 2850 2982 3094 3114 
93 303 361 374 441 446 491 502 506 545 574 682 755 756 808 821 865 886 1021 1022 1030 1031 1032 1033 1046 1056 1069 1070 1071 1121 1123 1238 1333 1365 1369 1371 1374 1406 1408 1426 1476 1482 1485 1486 1488 1498 1506 1508 1520 1605 1607 1608 1609 1660 1663 1664 1667 1703 1743 1744 1774 1775 1777 1778 1779 1781 1797 1799 1826 1829 1935 1991 2003 2021 2024 2029 2031 2064 2066 2071 2074 2075 2126 2138 2181 2185 2186 2188 2189 2190 2191 2192 2193 2194 2195 2197 2198 2199 2233 2235 2281 2284 2285 2290 2324 2329 2335 2364 2375 2415 2433 2453 2482 2483 2516 2517 2519 2549 2551 2552 2553 2565 2568 2603 2629 2700 2718 2727 2730 2760 2766 2768 2842 2847 2851 2894 2896 2905 2906 2909 2920 2927 2948 2960 2973 2995 2996 2997 3030 3037 3044 3050 3060 3107 
56 91 99 121 340 549 556 563 694 727 810 814 914 915 947 953 1020 1109 1115 1117 1120 1127 1130 1199 1203 1241 1313 1325 1334 1382 1400 1407 1435 1491 1509 1525 1571 1572 1587 1588 1592 1597 1606 1610 1620 1622 1669 1671 1691 1713 1714 1787 1789 1791 1802 1834 1888 1893 1938 1994 1996 2020 2042 2050 2077 2083 2148 2149 2151 2182 2208 2226 2239 2249 2255 2280 2282 2293 2301 2306 2307 2310 2313 2325 2353 2355 2366 2370 2374 2387 2390 2408 2413 2414 2430 2465 2484 2490 2499 2556 2594 2595 2596 2597 2598 2599 2606 2616 2622 2639 2646 2649 2650 2651 2652 2653 2654 2661 2670 2671 2678 2684 2687 2704 2705 2717 2719 2723 2724 2726 2751 2774 2818 2819 2824 2828 2838 2840 2841 2843 2862 2863 2868 2874 2887 2903 2904 2908 2913 2929 2931 2934 2937 2942 2953 2954 2955 2956 2963 2970 2987 2988 3002 3003 3005 3007 3048 3049 3051 3056 3063 3071 3079 3103 3118 3132 3146 3147 3152 3153 3165 3167 3170 3180 
30 31 67 68 78 83 113 116 339 344 489 540 567 584 674 734 737 748 786 833 844 850 858 872 885 931 944 951 999 1010 1125 1128 1139 1198 1231 1281 1306 1322 1338 1339 1411 1427 1428 1433 1497 1581 1611 1694 1747 1759 1790 1866 1871 1884 1939 1941 1976 1978 1981 1984 1987 1997 1998 2035 2047 2049 2051 2079 2080 2086 2087 2088 2090 2094 2095 2100 2109 2118 2141 2142 2143 2145 2154 2174 2206 2223 2244 2278 2289 2292 2299 2300 2304 2309 2336 2337 2358 2359 2361 2363 2379 2380 2392 2409 2410 2411 2420 2446 2447 2448 2449 2451 2491 2493 2505 2520 2523 2526 2531 2554 2557 2559 2560 2561 2579 2580 2582 2604 2605 2610 2619 2623 2624 2625 2648 2666 2668 2701 2709 2712 2713 2714 2755 2757 2761 2772 2782 2803 2810 2812 2813 2820 2833 2834 2839 2853 2865 2880 2881 2886 2889 2910 2911 2949 2962 2964 2967 2972 2978 2979 2985 2989 3001 3014 3015 3023 3035 3040 3081 3086 3089 3097 3100 3109 3113 3116 3119 3131 3140 3142 3145 3150 3151 3154 3156 3160 3163 3164 3174 3181 3182 
0 2 12 21 50 57 107 122 209 233 299 316 329 373 416 490 496 514 536 608 609 619 625 626 627 645 657 673 691 700 705 731 760 775 795 822 863 871 881 939 966 980 981 995 1001 1055 1084 1093 1100 1101 1102 1205 1211 1217 1225 1228 1248 1280 1323 1342 1349 1376 1378 1379 1390 1421 1438 1461 1501 1548 1550 1553 1554 1564 1578 1585 1621 1728 1736 1793 1807 1863 1867 1872 1874 1889 1932 1949 1957 1993 2034 2039 2060 2068 2072 2078 2084 2158 2162 2168 2170 2196 2200 2227 2305 2308 2367 2406 2454 2459 2461 2472 2494 2496 2515 2518 2524 2538 2635 2644 2669 2672 2677 2680 2729 2769 2867 2947 2957 2991 3022 3054 3058 3075 3076 3077 3078 
22 29 53 81 84 89 95 108 114 128 130 133 144 175 192 194 200 201 203 222 240 292 295 310 311 312 320 368 375 377 378 381 386 414 419 425 442 454 464 466 476 478 481 482 488 501 516 546 582 586 592 635 644 653 690 725 726 759 761 771 778 787 830 907 927 929 940 948 998 1027 1052 1058 1292 1614 
28 212 245 436 443 461 473 479 503 670 753 840 852 908 928 956 1019 1023 1026 1034 1057 1063 1065 1076 1080 1082 1090 1105 1168 1259 1264 1305 1344 1420 1422 1424 1436 1494 1559 1617 1670 1756 1869 1937 2063 2069 2120 2132 2184 2216 2225 2330 2339 2347 2362 2412 2426 2470 2480 2676 2682 2688 2715 2778 2784 2785 2786 2787 2788 2790 2791 2792 2793 2794 2795 2796 2797 
66 177 180 355 371 424 432 538 579 591 675 728 729 732 738 743 744 745 752 773 791 828 838 846 866 905 976 997 1005 1068 1135 1300 1309 1347 1375 1385 1389 1391 1392 1460 1475 1500 1507 1510 1512 1513 1524 1539 1593 1692 1702 1711 1716 1717 1741 1761 1784 1947 1948 1989 1990 1992 2062 2081 2085 2111 2112 2113 2114 2115 2116 2117 2124 2130 2163 2164 2165 2166 2167 2169 2171 2173 2207 2210 2212 2230 2231 2232 2237 2243 2276 2277 2298 2332 2372 2377 2397 2398 2399 2400 2401 2429 2456 2467 2469 2487 2571 2573 2577 2621 2633 2658 2664 2665 2699 2747 2767 2771 2789 2814 2835 2860 2864 2873 2884 2893 2912 2921 2933 2935 2936 2938 2965 2971 2976 2983 2984 3025 3026 3031 3032 3033 3034 3039 3046 3047 3053 3055 3061 3062 3087 3104 3106 3110 3126 3133 3134 3136 3139 3159 3172 3179 3185 
143 187 206 221 227 236 259 264 271 284 348 351 357 428 431 459 763 818 839 848 853 896 945 1017 1149 1206 1223 1275 1314 1315 1330 1478 1479 1480 1484 1545 1595 1662 1705 1732 1748 1752 1757 1763 1765 1773 1786 1788 1794 1795 1796 1798 1832 1856 1858 1861 1862 1873 1875 1877 1982 1988 2010 2012 2028 2030 2032 2046 2052 2065 2092 2104 2119 2128 2146 2221 2234 2236 2250 2283 2296 2311 2314 2316 2317 2318 2319 2320 2321 2322 2323 2341 2343 2345 2352 2389 2395 2403 2405 2418 2427 2471 2473 2485 2509 2510 2530 2607 2609 2613 2628 2632 2662 2710 2740 2743 2744 2758 2759 2805 2845 2857 2859 2861 2870 2877 2892 2897 2898 2907 2951 3020 3021 3052 3069 3098 3102 3120 3121 3143 3178 
10 18 58 104 147 301 440 480 492 512 604 607 613 693 711 742 772 823 829 836 843 889 1003 1078 1114 1118 1180 1233 1239 1336 1405 1418 1429 1538 1541 1542 1551 1594 1603 1637 1695 1712 1749 1776 1824 1848 1904 2089 2105 2139 2328 2344 2354 2356 2394 2437 2438 2439 2440 2441 2442 2443 2444 2445 2457 2458 2460 2683 
6 287 396 405 437 448 449 456 462 470 483 513 523 585 610 767 809 831 887 920 1074 1081 1099 1103 1119 1158 1293 1312 1320 1356 1360 1366 1367 1368 1370 1377 1380 1381 1383 1394 1414 1483 1514 1526 1582 1737 1739 1742 1825 1909 1915 1930 1980 2008 2016 2131 2209 2246 2248 2291 2315 2365 2381 2450 2455 2489 2521 2555 2562 2583 2584 2585 2586 2587 2588 2589 2590 2591 2592 2593 
14 40 131 230 232 235 309 400 423 439 457 460 468 494 497 543 544 573 575 576 577 580 588 589 594 596 606 623 639 642 643 762 768 824 877 879 901 987 990 1029 1045 1047 1066 1089 1169 1188 1195 1212 1258 1286 1310 1319 1358 1364 1384 1465 1543 1665 1720 1721 1722 1723 1724 1725 1727 1730 1842 1882 2001 2041 2125 2144 2187 2260 2288 2326 2338 2340 2348 2382 2383 2452 2500 2511 2513 2514 2522 2525 2535 2536 2537 2539 2540 2541 2542 2543 2544 2545 2546 2547 2548 
74 92 165 171 185 243 263 349 354 382 407 553 569 599 699 764 796 801 820 827 857 926 933 950 960 969 1028 1039 1145 1210 1218 1262 1317 1398 1457 1490 1523 1529 1531 1533 1534 1535 1536 1537 1544 1546 1547 1549 1552 1557 1561 1562 1563 1565 1566 1615 1623 1706 1835 1841 1843 1845 1846 1849 1850 1852 1853 1855 3108 
62 197 321 332 391 529 531 551 564 568 581 677 683 688 709 710 736 750 751 930 961 1064 1077 1113 1116 1126 1140 1143 1237 1276 1279 1282 1284 1302 1331 1346 1351 1413 1423 1425 1437 1439 1495 1504 1511 1522 1575 1579 1708 1769 1800 1833 1837 1878 1942 1944 1977 1995 2017 2019 2025 2026 2027 2036 2037 2045 2048 2054 2076 2093 2127 2157 2213 2219 2240 2241 2242 2254 2256 2286 2287 2302 2312 2342 2349 2351 2386 2391 2393 2396 2417 2468 2476 2495 2497 2564 2567 2608 2611 2614 2615 2626 2631 2659 2679 2689 2693 2697 2702 2722 2733 2734 2735 2737 2738 2762 2775 2776 2781 2783 2816 2817 2821 2826 2846 2848 2849 2856 2878 2882 2883 2923 2930 2932 2943 2968 2969 2974 2977 2981 2992 2993 2998 3009 3016 3059 3064 3067 3070 3080 3082 3090 3099 3128 3135 3149 3158 3161 3162 
115 125 319 433 435 515 595 601 602 667 706 813 862 893 899 959 962 963 964 967 968 970 971 972 974 977 978 983 985 986 988 989 991 1002 1024 1038 1042 1050 1108 1132 1151 1247 1250 1251 1253 1257 1263 1266 1268 1270 1297 1298 1532 1586 1591 1729 1764 1780 1822 1840 1847 1891 1892 2007 2009 2015 2058 2140 2159 2175 2176 2177 2178 2279 2350 2424 2506 2527 2674 2675 2681 2711 2750 2764 2806 2807 2899 2900 2901 2902 2925 3028 
13 15 20 134 135 204 213 247 296 305 326 395 397 427 450 472 500 524 542 547 548 554 572 590 593 617 628 631 641 666 730 834 873 909 910 921 922 1008 1012 1043 1067 1073 1075 1079 1094 1106 1147 1152 1153 1154 1155 1156 1157 1159 1160 1161 1162 1163 1164 1165 1166 1167 1171 1172 1173 1174 1175 1177 1179 1181 1182 1183 1184 1185 1186 1187 1189 1190 1191 1192 1193 1194 1196 1197 2070 
19 73 90 156 191 258 268 300 314 315 336 426 455 475 477 507 509 519 520 525 528 532 638 678 687 702 740 747 783 812 825 861 869 903 906 938 942 1018 1054 1059 1061 1092 1124 1136 1138 1178 1209 1216 1234 1332 1343 1401 1412 1416 1430 1467 1624 1625 1627 1628 1629 1630 1631 1633 1634 1635 1636 1638 1640 1641 1642 1643 1644 1645 1646 1647 1648 1649 1650 1651 1652 1653 1655 1656 1657 1658 1659 
7 44 226 234 352 353 363 364 366 367 393 430 463 467 486 498 526 541 598 612 615 616 618 620 621 622 624 629 630 634 636 637 646 647 648 650 651 652 655 656 659 661 662 663 664 714 757 868 898 913 1035 1041 1044 1048 1060 1085 1087 1229 1287 1288 1290 1291 1295 1301 1359 1474 1503 1574 1590 1698 1731 1771 1839 1945 1946 1979 1983 2000 2002 2004 2005 2013 2014 2107 2108 2218 2222 2428 2462 2474 2479 2481 2486 2508 2512 2528 2529 2550 2575 2576 2578 2640 2643 2645 2663 2720 2739 2741 2748 2756 2799 2800 2802 2808 2917 2918 2944 2945 2952 2966 2980 3027 3072 3073 3074 3085 3096 3117 3125 3129 3183 
127 159 229 289 291 298 306 708 883 1004 1049 1086 1104 1133 1176 1204 1207 1208 1220 1227 1230 1240 1272 1393 1502 1518 1576 1583 1589 1766 1783 1785 1801 1813 1830 1950 1951 1952 1953 1954 1955 1956 1958 1959 1960 1961 1962 1963 1964 1965 1966 1967 1968 1969 1970 1971 1972 1973 1974 1975 1985 1986 1999 2040 2053 2346 2572 2612 2721 2780 2801 2939 
23 63 124 238 242 265 285 335 413 447 452 578 603 692 701 717 794 856 925 957 1009 1096 1107 1129 1134 1137 1148 1201 1246 1254 1285 1294 1335 1345 1353 1415 1445 1454 1464 1477 1487 1499 1517 1573 1600 1618 1666 1685 1707 1709 1753 1768 1823 1827 1828 1844 1912 1940 2011 2147 2205 2224 2253 2258 2259 2261 2262 2263 2264 2265 2266 2267 2268 2269 2270 2271 2272 
55 69 79 88 109 158 261 350 365 412 420 445 458 471 485 632 676 719 720 841 859 888 923 935 946 1215 1244 1304 1387 1395 1440 1441 1442 1443 1444 1446 1447 1448 1449 1450 1451 1452 1453 1455 1456 1458 1459 1462 1463 1468 1469 1470 1471 1472 2779 
137 154 224 241 383 385 399 421 484 499 552 696 703 735 749 782 789 845 849 864 932 936 949 1025 1037 1051 1053 1072 1111 1141 1236 1329 1352 1361 1362 1473 1493 1496 1527 1528 1558 1601 1612 1734 1735 1738 1745 1746 1751 1782 1836 1857 1887 1936 2043 2061 2082 2091 2097 2103 2121 2122 2123 2150 2172 2179 2180 2201 2203 2204 2215 2220 2247 2257 2303 2331 2360 2371 2373 2378 2402 2407 2431 2434 2435 2436 2464 2475 2477 2478 2488 2492 2501 2502 2558 2563 2602 2638 2657 2660 2685 2690 2691 2694 2695 2696 2703 2708 2716 2725 2732 2742 2746 2754 2765 2770 2823 2831 2852 2854 2855 2858 2869 2871 2872 2888 2895 2914 2928 2975 2986 2990 2999 3004 3010 3041 3042 3043 3045 3065 3066 3093 3095 3112 3123 3124 3137 3138 3144 3157 3175 3176 3184 
140 183 231 280 418 434 444 718 754 766 769 774 799 811 816 847 955 1083 1221 1224 1242 1243 1340 1357 1372 1373 1388 1397 1505 1540 1560 1598 1604 1619 1697 1710 1719 1726 1854 1868 1895 1896 1897 1898 1899 1900 1901 1902 1903 1905 1906 1907 1908 1910 1911 1913 1914 1916 1917 1918 1919 1920 1921 1922 1923 1924 1925 1926 1927 1928 1929 1931 1933 1934 2294 
3 24 32 34 35 36 37 41 46 47 48 49 52 60 77 102 119 148 149 167 172 173 174 178 181 188 190 195 223 279 286 294 297 304 317 318 324 330 333 360 362 370 380 387 394 401 402 403 406 410 415 422 429 438 474 493 495 508 510 511 533 535 539 558 565 566 605 668 679 680 686 689 779 781 806 807 941 958 1011 1040 1144 1170 1348 
27 45 54 59 61 65 72 75 76 80 85 86 101 103 110 111 118 123 132 142 145 146 150 151 186 196 199 207 214 225 228 237 239 244 267 270 275 276 278 281 283 288 290 293 302 308 347 390 404 411 453 465 487 517 521 522 527 550 557 562 570 600 649 695 698 707 793 803 817 832 835 875 876 878 916 917 918 924 943 984 993 996 1000 1014 1202 1214 1226 1274 1396 1399 1530 1569 1584 1639 1701 1831 
64 71 94 97 160 161 322 325 328 331 337 338 345 384 388 389 408 555 559 660 671 721 722 723 724 780 784 785 788 797 802 819 870 904 919 1013 1112 1146 1232 1303 1327 1328 1410 1431 1432 1434 1492 1599 1602 1626 1750 1821 1851 1870 2018 
4 5 9 11 16 25 26 33 38 39 42 43 82 87 96 98 100 106 126 129 138 141 152 155 157 162 163 164 166 168 170 176 179 182 184 189 193 198 202 205 208 210 211 216 217 218 219 220 246 248 250 252 255 257 262 266 269 273 313 327 334 342 343 356 359 369 372 376 398 409 469 504 518 534 560 561 571 583 587 597 611 614 633 640 658 669 681 685 697 715 739 741 758 777 790 792 798 800 804 837 842 854 855 874 891 902 965 975 979 1088 1122 1277 1308 1316 1350 
17 112 417 451 530 537 712 851 880 882 1091 1110 1213 1222 1337 1341 1386 1402 1403 1404 1417 1466 1489 1515 1516 1519 1521 1555 1567 1613 1661 1693 1696 1699 1700 1715 1755 1758 1792 1838 1860 1865 1876 1879 1885 1886 1890 1894 2022 2023 2038 2044 2055 2056 2059 2067 2073 2096 2098 2099 2101 2102 2106 2110 2136 2152 2153 2156 2160 2161 2211 2214 2217 2229 2238 2245 2251 2252 2273 2274 2327 2333 2368 2369 2376 2384 2404 2416 2419 2425 2432 2463 2466 2498 2503 2504 2533 2534 2566 2569 2570 2581 2600 2601 2617 2618 2620 2630 2634 2636 2637 2641 2642 2647 2655 2656 2667 2673 2686 2698 2707 2728 2731 2736 2745 2749 2752 2753 2763 2773 2777 2798 2804 2811 2815 2822 2825 2827 2829 2830 2832 2836 2837 2844 2866 2875 2876 2879 2885 2890 2891 2915 2916 2919 2922 2924 2926 2940 2941 2946 2958 2959 2961 2994 3006 3008 3011 3012 3013 3017 3018 3019 3024 3029 3036 3038 3057 3068 3083 3084 3088 3091 3092 3101 3105 3111 3115 3122 3127 3130 3141 3148 3155 3166 3168 3169 3171 3173 3177 
1 105 117 249 251 253 254 256 260 272 274 277 282 716 746 867 900 911 934 937 952 982 992 1016 1150 1219 1245 1249 1252 1256 1260 1261 1265 1267 1269 1271 1273 1283 1289 1296 1299 1556 1568 1570 1668 1672 1673 1674 1675 1676 1677 1678 1679 1680 1681 1682 1683 1684 1686 1687 1688 1689 1690 1762 1864 1880 1881 1883 2033 2133 2134 2137 2183 2275 2422 2507 2532 2574 2627 2706 2950 3000 
